52.4 18.9  0.0  0.0  0.0  6.5  0.0  8.1  0.0  0.0  6.4  0.0  2.7  0.0  0.2 21.5 12.2 17.7 13.6  0.0  4.6  0.0  0.0  0.5  3.0 22.1 28.1  0.0  0.0  0.0  0.0  0.0 15.6  0.3  0.0
 0.1  1.8 33.9 21.2 10.7  4.3 63.3  0.0  2.9  0.7 20.0  6.4  2.4  0.0  0.5 14.1 16.0 17.8  3.2 15.5 18.9  0.0  0.0  6.2 18.6  1.6  4.2  0.0 22.7  6.9  4.1 28.7 34.3 22.5  0.0
 0.0  0.4  0.3  0.0  0.0  0.2  0.0  0.2  0.0  0.0  0.6  0.0  0.3  0.0  0.0  0.0  0.7  0.2  0.3  0.2  0.7  0.0  0.0  0.4  0.5  0.0  0.0  0.0  0.0  0.3  0.0  1.3  1.0  0.2  0.0
 3.4  2.8 16.1 25.6 46.2  4.2 32.6  0.6  9.3  3.4 20.0 15.3  4.8  4.0 13.0 12.0 17.8 10.2  5.6 25.4 14.2  0.0  0.0  4.1  9.0  9.6  0.8 39.0 17.1 15.5  9.9 15.5  9.3 14.2  1.4
 0.0  0.0  0.0  0.0  0.0  0.0  0.0  0.0  0.0  0.0  0.0  0.0  0.0  0.0  0.0  0.0  0.0  0.0  0.0  0.0  0.0  0.0  0.0  0.0  0.0  0.0  0.0  0.0  0.0  0.0  0.0  0.0  0.0  0.0  0.0
 0.0  1.5  0.0  0.5  0.9  0.4  0.0  0.3  0.0  0.0  2.0  0.0  0.6  0.0  0.0  1.0  0.7  2.2  0.4  0.0  2.7  0.0  0.0  0.8  2.2  0.0  4.1  0.0  0.0  0.3  0.0  3.5  3.6  0.0  5.2
 0.0  0.2  0.0  0.0  0.0  0.3  0.0  0.3  1.3  0.4  0.0  0.0  1.1  0.0  1.2  0.0  0.0  0.3  0.5  0.0  0.0  0.0  0.0  0.4  0.5  0.0  0.0  6.0  0.0  0.1  0.6  0.0  0.0  0.1  8.0
12.2  0.7 33.7 36.1 27.1  3.8  0.0  0.7  0.0  0.0 23.3 26.2  2.9  0.6  0.0 13.7 25.0 15.4  2.5 16.4 13.7  0.0  0.0  5.7 15.4 13.3 28.8  0.0 50.5  8.1 70.0 20.7  3.3 16.1  0.0
31.4 46.3  9.7  7.6  6.4 77.8  2.3 87.4 48.2 75.8 15.8 43.3 81.8 74.0 40.8 32.4 18.8 24.8 71.7 39.2 32.2  0.0  0.0 74.8 39.4 52.2 32.3 52.4  7.4 50.4 15.0  4.9 20.8 43.1 71.3
 0.6  0.3  6.3  8.2  8.2  2.1  1.7  0.3  3.6  2.3 11.2  8.6  0.8  0.0  1.0  5.2  8.2  8.0  1.4  3.2 12.4  0.0  0.0  3.2  8.7  1.0  1.8  0.2  2.1  4.7  0.4 20.3 12.0  2.9  0.6
 0.0  0.0  0.0  0.0  0.1  0.0  0.0  0.9  0.7  0.1  0.0  0.0  0.1  0.0  0.0  0.0  0.0  0.0  0.0  0.0  0.3  0.0  0.0  0.1  1.2  0.2  0.0  0.1  0.0  0.1  0.0  4.4  0.0  0.0  0.0
 0.0  0.0  0.0  0.8  0.5  0.4  0.0  0.1  0.1  0.0  0.5  0.2  0.0  0.0  0.0  0.1  0.4  0.5  0.2  0.0  0.1  0.0  0.0  3.7  0.3  0.0  0.1  0.0  0.1  0.1  0.0  0.6  0.2  0.6  0.0
 0.0 27.1  0.0  0.0  0.0  0.0  0.0  1.0 33.9 17.3  0.0  0.0  2.4 21.4 43.3  0.0  0.0  3.1  0.6  0.0  0.1  0.0  0.0  0.0  1.1  0.0  0.0  2.3  0.0 13.5  0.0  0.0  0.0  0.0 13.4
