1906 18723760
1907 20892589
1908 11711022
1909 22198132
1910 14596645
1911 15650022
1912 18623405
1913 14536380
1914 21354813
1915 13623272
1916 20142885
1917 22942804
1918 15865937
1919 12651367
1920 22287631
1921 22526783
1922 18447196
1923 19024047
1924 13877797
1925 14430703
1926 15213730
1927 19539212
1928 16954335
1929 21829584
1930 14621040
1931 8474133
1932 17422186
1933 12183502
1934 6178190
1935 12630349
1936 14648871
1937 14306056
1938 18148319
1939 11164062
1940 9931656
1941 20116677
1942 17225136
1943 13731401
1944 15369422
1945 14140528
1946 11095455
1947 16439485
1948 15139293
1949 16933581
1950 13140416
1951 12505894
1952 20805422
1953 11165419
1954 8496102
1955 9413908
1956 11426874
1957 21500963
1958 15862511
1959 9598169
1960 11524160
1961 10010259
1962 17377609
1963 8669081
1964 10377070
1965 19522695
1966 10225351
1967 11570223
1968 13628611
1969 15005531
1970 14948498
1971 14985249
1972 13116400
1973 18157701
1974 12920870
1975 16534733
1976 11042784
1977 5380613
1978 15158180
1979 17441959
1980 17442890
1981 8926824
1982 17329929
1983 23603475
1984 24361957
1985 21000108
1986 22915252
1987 15288810
1988 11160987
1989 9452730
1990 9339214
1991 12307335
1992 10926229
1993 18899404
1994 10555935
1995 19974423
1996 14218003
1997 21684438
1998 16704753
1999 15872118
2000 10533908
2001 10723797
2002 6020553
2003 10536528
2004 9926847
2005 17121081
2006 13547936
2007 11416442
2008 16118508
2009 14133144
2010 12717563
2011 20294226
2012 7794667
2013 9588083
2014 14367271
2015 13058897
