 84786
 86362
 87938
 89514
 91090
 92666
 94242
 95818
 97394
 98970
100546
102122
103698
105274
106850
108426
110002
111645
113328
115049
116805
118586
120395
122219
124058
125908
127759
129613
131460
133298
135121
136927
138708
140463
142182
143863
145502
147103
148665
150181
151668
153159
154652
156148
157647
159151
160658
162168
163681
165201
166724
168254
169788
171326
172869
174418
175973
177533
179099
180672
182252
183836
185428
187024
188628
190240
191860
193484
195117
196757
198405
200061
201723
203397
205075
206761
208458
210161
211874
213596
215327
217068
218816
220573
222342
224111
225880