2000   1   19.1677   3.66974   0.736945
2000   2   21.2361   5.21295   0.741
2000   3   24.7331   8.24451   1.02962
2000   4   29.2537   11.138   0.215026
2000   5   34.2137   16.0391   0.126578
2000   6   39.1998   20.3925   0.0810727
2000   7   40.8521   24.7429   0.801505
2000   8   39.5322   24.4673   1.24363
2000   9   37.1494   21.0222   0.753746
2000   10   31.1934   14.4916   0.737348
2000   11   23.7115   7.35474   0.542406
2000   12   18.5643   3.52997   1.32451
2001   1   18.3399   3.13391   0.874373
2001   2   20.8912   4.95511   0.79146
2001   3   24.4519   7.2485   0.38383
2001   4   28.6654   10.5239   0.379832
2001   5   33.7215   15.5146   0.104659
2001   6   38.6782   20.3559   0.0610903
2001   7   40.7044   24.7219   0.727182
2001   8   39.6653   24.0895   1.06957
2001   9   37.3647   20.5087   0.605351
2001   10   31.9353   14.3396   0.373213
2001   11   24.4256   7.29514   0.461864
2001   12   18.9936   3.26111   0.840621
2002   1   18.9126   3.61554   1.04731
2002   2   20.9229   5.07855   1.08826
2002   3   24.8951   7.73615   0.894667
2002   4   29.0744   10.9277   0.284291
2002   5   33.8666   15.6428   0.117994
2002   6   39.1301   20.6367   0.0633699
2002   7   40.6343   24.5196   0.797342
2002   8   39.8124   24.1848   0.950463
2002   9   37.3101   20.7356   0.634865
2002   10   31.8199   14.288   0.536386
2002   11   24.64   7.73755   0.522344
2002   12   19.8353   3.90076   0.883916
2003   1   19.342   4.02573   0.868385
2003   2   21.301   5.54105   1.00926
2003   3   24.6274   7.38986   0.751337
2003   4   29.058   10.8889   0.21646
2003   5   33.982   15.7619   0.0916892
2003   6   39.1011   20.7057   0.0514959
2003   7   40.9608   24.8191   0.616699
2003   8   39.5937   24.4092   1.30456
2003   9   37.1577   20.6454   0.733705
2003   10   31.4682   14.2864   0.520665
2003   11   24.3369   7.67126   0.557652
2003   12   18.8786   3.32776   0.843641
2004   1   18.6895   3.74982   0.752118
2004   2   21.535   5.62445   0.98216
2004   3   23.9173   7.46222   0.810158
2004   4   29.2233   10.9354   0.295643
2004   5   33.8361   15.8898   0.159147
2004   6   38.9271   20.2218   0.0733325
2004   7   40.7551   24.6113   0.812688
2004   8   39.6682   24.2115   1.23874
2004   9   37.0184   20.3665   0.740387
2004   10   31.6614   14.8275   0.686236
2004   11   23.3413   7.32074   0.616203
2004   12   19.9483   3.96005   0.73771
2005   1   19.1373   3.76028   0.837971
2005   2   21.4012   5.69824   1.32632
2005   3   23.6611   7.22083   0.867191
2005   4   28.8395   10.7553   0.237239
2005   5   33.5612   15.2482   0.097238
2005   6   39.3343   20.6432   0.0712645
2005   7   40.8918   24.7321   0.660621
2005   8   39.6329   24.1682   1.26671
2005   9   37.1874   20.4248   0.597107
2005   10   31.318   13.9711   0.464418
2005   11   24.6069   7.53363   0.344467
2005   12   19.3492   3.77521   0.996853
2006   1   19.3559   3.99161   0.666962
2006   2   21.8396   5.93021   0.949167
2006   3   24.5658   7.97577   0.877363
2006   4   28.7833   10.9784   0.352244
2006   5   34.4561   15.6876   0.0596587
2006   6   39.1678   20.241   0.0680707
2006   7   41.0908   25.0258   0.79331
2006   8   40.0077   24.7415   1.31463
2006   9   37.4063   20.9029   0.767363
2006   10   31.5413   14.5739   0.517428
2006   11   24.1703   7.69238   0.71308
2006   12   19.2118   3.77377   0.707809
2007   1   19.2233   3.53555   0.449845
2007   2   21.5198   5.1835   0.754211
2007   3   24.5413   7.75549   0.595627
2007   4   29.5574   10.9421   0.196972
2007   5   33.8466   15.4391   0.135952
2007   6   39.5734   20.4661   0.0927739
2007   7   40.9821   25.0383   0.849463
2007   8   40.088   24.4204   1.14195
2007   9   37.2296   20.5546   0.749873
2007   10   31.3553   13.9876   0.473595
2007   11   24.5074   7.71017   0.457509
2007   12   19.8391   3.98691   0.757441
2008   1   19.6946   4.21521   0.869557
2008   2   21.545   5.1257   1.01599
2008   3   24.3326   7.24561   1.02864
2008   4   29.2964   10.9424   0.302358
2008   5   34.2225   16.0311   0.141574
2008   6   39.5022   20.632   0.0661508
2008   7   41.2667   25.1577   0.723065
2008   8   39.9213   24.4412   1.32967
2008   9   37.7085   20.9658   0.835066
2008   10   31.3833   14.5627   0.674544
2008   11   23.8909   7.99155   0.81381
2008   12   18.8637   3.85812   1.06872
2009   1   18.7411   4.17719   1.03165
2009   2   21.6034   5.82956   0.935572
2009   3   24.4564   8.24033   0.900784
2009   4   28.5444   11.1371   0.377819
2009   5   33.6328   15.5662   0.14615
2009   6   39.4093   20.7843   0.125244
2009   7   41.0918   24.9621   0.701628
2009   8   40.2297   24.5599   1.21433
2009   9   37.2391   20.9748   0.809589
2009   10   31.5797   14.2298   0.544201
2009   11   24.0331   7.27289   0.423575
2009   12   19.397   3.89572   1.1018
2010   1   18.733   3.8013   0.948418
2010   2   21.3826   5.03403   0.905442
2010   3   24.2744   7.75244   0.823908
2010   4   29.3301   10.9013   0.254026
2010   5   34.4041   15.8491   0.104427
2010   6   39.1242   20.0369   0.068854
2010   7   41.1307   25.1421   1.01448
2010   8   39.9579   24.2942   1.16268
2010   9   37.6166   20.8532   0.531052
2010   10   31.6414   14.894   0.676171
2010   11   23.9055   7.63315   0.523651
2010   12   19.1507   3.73236   0.986901
2011   1   19.2325   3.53461   0.465201
2011   2   21.8519   5.94775   1.17828
2011   3   24.0793   7.50571   0.711379
2011   4   29.2588   11.0424   0.270764
2011   5   34.1216   15.6797   0.0627579
2011   6   39.2724   20.5824   0.0829877
2011   7   41.3054   25.0142   0.603214
2011   8   39.8787   24.4714   1.24804
2011   9   37.789   20.9936   0.741933
2011   10   31.3779   14.1228   0.491888
2011   11   24.8313   7.80014   0.571576
2011   12   20.6117   4.40732   0.494977
2012   1   19.9903   4.07629   0.797575
2012   2   22.1503   5.94672   0.896734
2012   3   25.7996   8.39026   0.573085
2012   4   29.6025   11.4131   0.265845
2012   5   34.7309   16.4279   0.0530761
2012   6   39.3567   20.9405   0.0922463
2012   7   41.4588   25.4306   0.761995
2012   8   40.0902   24.8734   1.05863
2012   9   37.8173   21.3393   0.59308
2012   10   31.7922   14.8837   0.690227
2012   11   24.4085   8.00916   0.59135
2012   12   19.0781   3.87009   0.876704
2013   1   19.3847   3.93628   0.876411
2013   2   21.6601   5.30283   0.886355
2013   3   24.7381   7.55261   0.831889
2013   4   28.8959   10.7663   0.259901
2013   5   33.8867   15.8408   0.176825
2013   6   39.1712   20.4296   0.128747
2013   7   41.0673   25.0253   0.75915
2013   8   40.3408   24.7887   0.99817
2013   9   37.9186   21.2451   0.538283
2013   10   31.885   14.8113   0.638471
2013   11   24.894   8.06439   0.552884
2013   12   18.9405   3.55569   0.855582
2014   1   20.0505   4.56381   0.75331
2014   2   21.7962   5.8555   1.05155
2014   3   25.1083   8.07965   0.713195
2014   4   28.5269   10.6595   0.341271
2014   5   33.6935   15.3787   0.108065
2014   6   39.3917   20.9428   0.0607315
2014   7   40.8837   25.1905   0.893751
2014   8   40.3755   24.913   1.08221
2014   9   37.6258   20.9663   0.85296
2014   10   32.3024   14.8005   0.428114
2014   11   23.7617   8.30643   0.70269
2014   12   19.8208   4.20395   0.854238
2015   1   19.4357   4.68744   0.973003
2015   2   21.0317   5.68536   1.26628
2015   3   24.35   7.96243   0.796019
2015   4   28.5425   10.6508   0.329093
2015   5   33.752   15.431   0.119464
2015   6   39.659   21.0486   0.0784675
2015   7   41.2546   25.4833   0.866819
2015   8   39.9249   24.6699   1.37848
2015   9   37.4762   20.4935   0.459317
2015   10   31.831   14.4497   0.584929
2015   11   24.313   8.04831   0.535091
2015   12   19.9174   4.05347   0.594543
2016   1   19.7654   4.56204   1.00551
2016   2   21.484   5.80618   1.20793
2016   3   24.123   7.65778   0.972886
2016   4   28.7497   10.5831   0.296283
2016   5   33.9571   15.618   0.173948
2016   6   39.1858   20.7843   0.0766441
2016   7   41.0518   25.2258   0.840304
2016   8   40.552   25.0606   1.10192
2016   9   37.9531   21.5897   0.683467
2016   10   32.3708   14.9807   0.536085
2016   11   24.8812   8.43549   0.687948
2016   12   20.1497   4.54971   1.03413
2017   1   19.1455   4.16058   0.971845
2017   2   21.5753   5.73727   1.00472
2017   3   24.6033   7.98117   0.832065
2017   4   29.3881   11.3912   0.263802
2017   5   34.4461   16.1489   0.158199
2017   6   39.7618   20.5326   0.064944
2017   7   41.0082   25.0885   0.860153
2017   8   40.1585   24.5876   1.07044
2017   9   37.8746   21.2845   0.689144
2017   10   32.3773   14.9737   0.513626
2017   11   24.9279   8.30356   0.503866
2017   12   19.7572   4.59219   1.10219
2018   1   19.3431   4.04254   0.762296
2018   2   22.2013   5.29425   0.824284
2018   3   25.0093   7.69635   0.684616
2018   4   30.0959   11.6231   0.125481
2018   5   34.492   16.0877   0.0793017
2018   6   39.9457   21.5794   0.0946609
2018   7   41.1089   25.2995   0.916567
2018   8   40.408   24.9453   1.06405
2018   9   38.3414   21.7184   0.749568
2018   10   32.5316   15.287   0.713622
2018   11   25.2489   8.56003   0.630022
2018   12   20.0688   4.54407   0.640597
2019   1   19.9636   4.32812   0.690658
2019   2   21.5084   6.01666   1.23953
2019   3   24.4778   7.92429   0.959505
2019   4   29.4861   11.4174   0.198755
2019   5   34.044   15.7397   0.099943
2019   6   39.5556   20.902   0.0790172
2019   7   41.232   25.3696   0.80733
2019   8   40.1671   25.076   1.11604
2019   9   38.0305   21.4581   0.694103
2019   10   32.3446   14.9655   0.6615
2019   11   24.5486   7.92532   0.557195
2019   12   19.2183   4.10037   0.673425
2020   1   19.7251   3.89877   0.545245
2020   2   22.4754   5.83249   0.807711
2020   3   25.7786   8.42731   0.633679
2020   4   30.3028   11.6291   0.13591
2020   5   34.6185   15.9695   0.0870626
2020   6   39.828   21.3353   0.0859934
2020   7   41.6544   25.7297   0.747698
2020   8   40.7346   25.1697   0.963977
2020   9   38.5028   21.6108   0.579751
2020   10   32.315   15.0549   0.596585
2020   11   24.086   8.35098   0.722719
2020   12   19.8259   4.72751   1.27756
2021   1   19.4519   4.3139   1.14112
2021   2   21.7614   5.15274   0.828908
2021   3   25.293   7.91916   0.789329
2021   4   29.0883   11.2846   0.250577
2021   5   34.3577   15.9813   0.11442
2021   6   39.5188   20.9323   0.085081
2021   7   41.3617   25.3516   0.71667
2021   8   40.3881   25.0739   1.27732
2021   9   38.3174   21.5361   0.508113
2021   10   31.91   14.7976   0.712099
2021   11   24.6786   7.87604   0.618756
2021   12   19.866   4.34241   0.828354
2022   1   19.9758   4.77353   1.00819
2022   2   22.3203   5.95874   1.04252
2022   3   24.8519   7.75684   0.891318
2022   4   29.1453   11.0956   0.34776
2022   5   34.6341   16.1151   0.0885983
2022   6   39.4129   20.544   0.0811743
2022   7   41.7659   25.7779   0.711886
2022   8   40.4796   25.1008   1.12529
2022   9   38.3799   21.9544   0.735958
2022   10   32.6296   14.907   0.377375
2022   11   24.8096   8.02478   0.674247
2022   12   20.1489   4.77548   1.08636
2023   1   20.0508   5.07776   0.956859
2023   2   22.0238   5.93417   1.25569
2023   3   24.3148   7.82162   0.989167
2023   4   29.329   11.5247   0.301183
2023   5   34.7182   16.4463   0.095096
2023   6   39.7097   21.3761   0.15356
2023   7   41.8306   26.07   0.819277
2023   8   40.368   25.2004   1.27864
2023   9   38.3918   21.9339   0.680546
2023   10   32.4517   14.8013   0.568826
2023   11   24.7169   8.07385   0.529715
2023   12   20.5453   4.79364   0.914401
2024   1   20.037   4.76761   0.782458
2024   2   22.2313   5.633   0.794978
2024   3   25.5818   8.54529   0.939804
2024   4   29.7974   11.4629   0.293092
2024   5   35.0977   16.5376   0.101488
2024   6   40.1496   21.6249   0.068194
2024   7   41.9164   25.789   0.613611
2024   8   40.4954   25.164   1.1575
2024   9   38.1747   21.7966   0.769598
2024   10   31.4682   14.4046   0.426253
2024   11   24.5539   8.09631   0.698101
2024   12   20.2777   4.41647   0.652296
2025   1   19.9911   4.44754   0.816185
2025   2   22.6601   6.28427   1.04382
2025   3   25.1115   8.42145   1.04265
2025   4   29.6371   11.8797   0.336397
2025   5   34.6819   16.3502   0.0939617
2025   6   39.957   21.3845   0.07323
2025   7   41.6779   25.6934   0.804206
2025   8   40.5827   25.2203   1.59175
2025   9   38.044   21.7624   0.897936
2025   10   32.1975   15.01   0.564759
2025   11   24.7332   8.28452   0.789272
2025   12   19.7928   4.18015   0.968516
2026   1   19.7428   4.64783   1.12079
2026   2   21.8389   5.78714   0.954053
2026   3   24.4391   7.87085   0.995303
2026   4   29.5042   11.5088   0.297778
2026   5   34.4782   15.9825   0.0951303
2026   6   39.9854   21.3057   0.0881734
2026   7   41.9197   25.6851   0.674366
2026   8   40.7644   24.9526   0.980453
2026   9   38.6205   21.7545   0.582334
2026   10   33.1852   15.6021   0.495372
2026   11   25.1113   8.24503   0.519583
2026   12   20.1309   4.81326   0.911736
2027   1   19.1342   4.28424   1.05239
2027   2   21.2893   5.745   1.19393
2027   3   25.0027   8.5589   1.15441
2027   4   29.2915   11.593   0.319047
2027   5   34.7831   16.0258   0.102178
2027   6   39.7441   20.8784   0.077436
2027   7   41.7299   25.8218   0.854564
2027   8   40.5703   25.1846   1.37737
2027   9   38.2556   21.4182   0.578989
2027   10   32.9521   15.3739   0.650819
2027   11   25.1241   8.50192   0.622274
2027   12   19.9756   4.52298   0.913705
2028   1   20.374   4.68076   0.592618
2028   2   22.6491   6.67303   0.812227
2028   3   25.1507   8.24957   1.04423
2028   4   30.1885   11.5786   0.1451
2028   5   35.1568   16.538   0.0800739
2028   6   40.1858   21.3637   0.0738353
2028   7   41.9834   26.0096   0.69225
2028   8   40.9424   25.4891   1.03559
2028   9   38.1956   21.6979   0.643048
2028   10   33.1519   15.7565   0.627145
2028   11   25.8396   8.35004   0.404653
2028   12   20.8466   4.62918   0.652334
2029   1   20.2636   4.8786   0.886151
2029   2   22.4688   6.35489   1.14303
2029   3   25.2039   8.48776   0.92537
2029   4   30.1345   12.0137   0.227527
2029   5   34.7895   16.0286   0.0900347
2029   6   40.0704   21.4426   0.089063
2029   7   41.9574   25.7337   0.817804
2029   8   40.7707   25.1306   1.19667
2029   9   38.5883   21.6932   0.417464
2029   10   32.4695   15.075   0.502564
2029   11   25.324   8.23505   0.386585
2029   12   20.6742   4.26831   0.742276
2030   1   20.0641   4.44141   0.851261
2030   2   22.1781   5.86066   1.0677
2030   3   25.4857   8.14981   0.801301
2030   4   29.9119   11.6754   0.284505
2030   5   35.0035   16.4838   0.11855
2030   6   40.78   22.1205   0.0946849
2030   7   42.245   26.0301   0.729673
2030   8   40.771   25.3791   1.17974
2030   9   38.4005   21.8298   0.689181
2030   10   32.7655   14.9438   0.594735
2030   11   25.9915   8.8476   0.465413
2030   12   20.4532   4.72577   0.948242
2031   1   19.6733   4.63153   0.896587
2031   2   22.6986   6.23373   0.831244
2031   3   25.6255   8.0686   0.641894
2031   4   30.489   11.6892   0.205452
2031   5   34.8597   16.1834   0.10765
2031   6   40.1687   21.5526   0.086836
2031   7   42.0489   26.0082   0.773719
2031   8   41.6766   25.8381   0.940303
2031   9   38.4284   21.76   0.913959
2031   10   32.583   15.5321   0.686851
2031   11   25.4576   8.38562   0.420919
2031   12   20.9975   4.42358   0.546737
2032   1   19.6801   4.50702   1.1282
2032   2   22.2353   5.94275   0.748387
2032   3   25.2004   8.2442   0.797783
2032   4   30.1426   11.649   0.241382
2032   5   35.4504   16.8976   0.0620075
2032   6   40.1062   21.5107   0.120776
2032   7   42.054   26.258   0.944073
2032   8   40.9929   25.7346   1.16101
2032   9   38.0837   22.0122   0.799597
2032   10   32.476   15.2619   0.658348
2032   11   25.1443   8.40665   0.499387
2032   12   20.676   4.70142   0.644949
2033   1   20.4064   4.86179   0.804548
2033   2   22.2947   6.33252   1.11722
2033   3   24.5516   8.21298   1.0297
2033   4   29.7427   11.2382   0.252795
2033   5   34.9451   16.4392   0.0824651
2033   6   40.6845   21.4349   0.089495
2033   7   42.2041   25.9766   0.801936
2033   8   41.135   25.481   1.37449
2033   9   38.9235   22.3946   0.719448
2033   10   33.1024   15.6521   0.809555
2033   11   24.994   8.67303   0.699894
2033   12   20.3579   4.7074   0.978416
2034   1   20.2857   4.93738   0.613545
2034   2   22.4481   5.80765   0.971848
2034   3   25.201   8.18365   0.776723
2034   4   30.3699   11.7286   0.220216
2034   5   34.8849   16.4852   0.059573
2034   6   40.1555   21.3666   0.0567043
2034   7   42.4714   26.456   0.533753
2034   8   41.1909   25.7711   1.03932
2034   9   38.7386   22.0728   0.686912
2034   10   33.6557   16.0967   0.365847
2034   11   25.4888   9.00098   0.633628
2034   12   20.351   4.81781   0.904037
2035   1   20.6639   5.33093   0.764783
2035   2   23.3114   5.80829   0.573291
2035   3   25.96   8.58527   0.787915
2035   4   30.5908   11.7123   0.240992
2035   5   35.7447   17.0583   0.077185
2035   6   40.7453   22.3876   0.12354
2035   7   42.3336   26.0015   0.650419
2035   8   41.6627   26.0018   1.10844
2035   9   39.1732   22.769   0.686169
2035   10   32.7553   15.7352   0.765249
2035   11   26.253   9.14835   0.584846
2035   12   20.9398   5.1528   0.852491
2036   1   20.2309   4.44934   0.774424
2036   2   21.8973   5.51553   1.25731
2036   3   25.6563   8.64722   0.752188
2036   4   30.442   11.8207   0.299858
2036   5   35.4117   17.0448   0.0674485
2036   6   40.3816   22.0157   0.0881799
2036   7   42.4112   26.3535   0.909495
2036   8   41.0102   25.7173   1.21319
2036   9   38.3017   22.1375   0.832952
2036   10   32.9104   15.7203   0.750354
2036   11   25.6078   8.52844   0.485026
2036   12   21.0851   4.99731   0.437422
2037   1   20.4488   4.40509   0.674281
2037   2   23.4977   6.94183   1.16522
2037   3   26.3514   8.76669   0.719815
2037   4   30.6252   12.0673   0.135653
2037   5   35.388   16.4874   0.0619713
2037   6   40.8008   21.7545   0.0494853
2037   7   42.433   26.4738   0.824219
2037   8   41.4542   26.0396   1.00382
2037   9   39.3729   22.6231   0.578688
2037   10   33.5694   16.2249   0.615946
2037   11   25.7572   8.89661   0.5805
2037   12   21.2175   5.53702   0.8154
2038   1   20.236   5.52963   1.08533
2038   2   22.4745   6.45087   0.792717
2038   3   26.03   8.7186   0.753052
2038   4   30.8486   12.3712   0.233725
2038   5   35.3213   16.8493   0.0996674
2038   6   40.5652   22.0318   0.0745911
2038   7   42.5589   26.5903   0.780273
2038   8   41.4412   25.9392   1.09844
2038   9   38.8953   22.4289   0.915756
2038   10   32.5982   15.8555   0.715464
2038   11   25.6193   9.30917   0.649411
2038   12   20.9163   5.30472   0.994076
2039   1   20.4702   4.96133   0.908813
2039   2   22.5648   6.15887   0.909821
2039   3   25.3519   8.14325   0.782035
2039   4   30.204   11.9844   0.165685
2039   5   35.4028   16.7448   0.0688623
2039   6   40.7122   22.0574   0.065858
2039   7   42.6641   26.512   0.721141
2039   8   41.6539   26.1571   1.01751
2039   9   39.0408   22.2083   0.680826
2039   10   32.7518   15.6626   0.770272
2039   11   25.954   8.95538   0.501146
2039   12   21.5145   5.43402   0.541483
2040   1   21.075   5.0444   0.840217
2040   2   22.5701   6.27234   0.934425
2040   3   25.651   8.03903   0.722538
2040   4   31.2212   12.1159   0.151522
2040   5   35.426   16.9677   0.0656233
2040   6   40.551   22.1785   0.102031
2040   7   42.5433   26.5575   0.736865
2040   8   41.4834   26.0611   1.06691
2040   9   39.4781   22.5378   0.489259
2040   10   33.8864   15.9283   0.680528
2040   11   25.4229   9.09793   0.831107
2040   12   20.6026   5.24985   0.732309
2041   1   20.9825   4.53378   0.50796
2041   2   23.4927   6.63239   1.0407
2041   3   25.8061   8.8826   0.979355
2041   4   30.6194   12.2538   0.293188
2041   5   35.7452   17.4611   0.0918797
2041   6   40.8353   22.2484   0.0532741
2041   7   42.3912   26.4877   0.685824
2041   8   41.3953   26.0743   1.26625
2041   9   39.3271   22.3004   0.527954
2041   10   33.8138   16.3707   0.700135
2041   11   25.5276   8.92676   0.490386
2041   12   21.1755   5.46347   0.68572
2042   1   20.8114   4.97485   0.703352
2042   2   23.0204   6.75574   0.96499
2042   3   25.8075   8.4151   0.779677
2042   4   30.5098   12.499   0.186764
2042   5   35.6709   17.0863   0.0523621
2042   6   40.9102   22.2696   0.080605
2042   7   42.9354   26.9485   0.648663
2042   8   41.9077   26.4916   0.904487
2042   9   39.3679   22.5649   0.620324
2042   10   33.8289   16.375   0.54914
2042   11   25.843   9.19312   0.585008
2042   12   21.7528   5.60928   0.888874
2043   1   20.6079   5.34763   1.09058
2043   2   22.8293   6.68719   1.15483
2043   3   26.0548   9.20627   0.749073
2043   4   30.6508   12.1445   0.167631
2043   5   35.7729   17.4232   0.0993591
2043   6   40.6944   22.0038   0.0551032
2043   7   42.5584   26.647   0.712035
2043   8   41.9116   26.2456   1.03172
2043   9   39.7483   23.0701   0.561449
2043   10   34.1375   16.7355   0.46055
2043   11   25.8691   9.19446   0.586737
2043   12   21.6122   5.41003   0.586625
2044   1   20.2117   5.05038   1.08088
2044   2   22.5664   6.16101   0.785631
2044   3   25.3548   8.34164   0.934397
2044   4   30.2343   11.8392   0.215157
2044   5   35.2623   16.8247   0.111432
2044   6   40.4275   21.8804   0.069575
2044   7   42.4806   26.5233   0.648755
2044   8   41.9702   26.5053   1.05512
2044   9   39.3364   22.8583   0.670788
2044   10   33.827   16.5528   0.574479
2044   11   26.0941   9.60068   0.601575
2044   12   20.4504   4.95041   0.994193
2045   1   20.4941   4.74728   0.674939
2045   2   22.9205   6.61346   1.02049
2045   3   26.0993   8.92181   0.849117
2045   4   31.254   12.358   0.154437
2045   5   35.8326   17.0898   0.0737108
2045   6   41.1399   22.6022   0.10567
2045   7   42.4352   26.6977   0.853251
2045   8   41.5335   26.084   1.13654
2045   9   39.3377   23.0606   0.770322
2045   10   33.4688   16.2955   0.628237
2045   11   26.0208   9.52548   0.484326
2045   12   21.6311   5.66571   1.03386
2046   1   20.9106   5.46045   0.84993
2046   2   22.9495   6.79111   0.957951
2046   3   25.9788   9.03915   0.840571
2046   4   30.9863   12.1731   0.175887
2046   5   36.0651   17.0209   0.0369385
2046   6   41.1924   22.5207   0.0971748
2046   7   42.6905   26.8723   0.913013
2046   8   41.6777   26.12   1.2444
2046   9   39.4038   22.9273   0.887714
2046   10   33.1312   16.0685   0.733859
2046   11   26.1863   9.30011   0.612552
2046   12   21.5957   5.6741   0.797655
2047   1   20.6553   5.04437   0.763337
2047   2   23.3   6.8927   0.87485
2047   3   26.1546   8.66708   0.554155
2047   4   31.2901   12.2495   0.124786
2047   5   35.5581   16.9044   0.11135
2047   6   40.7186   22.0186   0.0778296
2047   7   42.648   26.8314   0.7499
2047   8   42.0896   26.7928   1.17699
2047   9   38.94   23.0395   0.929386
2047   10   34.1573   16.7822   0.439519
2047   11   25.8699   9.5181   0.634878
2047   12   20.951   5.61014   0.918819
2048   1   21.008   5.66119   0.876877
2048   2   22.7128   7.12982   1.2209
2048   3   25.3126   8.77725   1.07918
2048   4   30.7101   12.2054   0.196749
2048   5   35.76   17.2913   0.102884
2048   6   41.1047   22.1328   0.0792864
2048   7   42.7184   26.8344   0.814424
2048   8   41.8296   26.4555   1.19341
2048   9   39.5962   22.9291   0.706953
2048   10   33.4471   16.2003   0.656306
2048   11   26.8983   10.1514   0.547527
2048   12   21.2576   5.48544   0.754327
2049   1   21.0215   5.55951   0.964936
2049   2   23.1623   6.96564   0.907549
2049   3   26.3688   9.01413   0.654704
2049   4   31.4766   12.8072   0.151896
2049   5   36.4562   18.0114   0.0859621
2049   6   41.3798   23.0663   0.108764
2049   7   42.6667   26.8339   0.765919
2049   8   41.9575   26.8168   1.37846
2049   9   39.1745   23.1126   0.869834
2049   10   33.9366   16.6444   0.562797
2049   11   26.198   9.4371   0.539303
2049   12   21.2983   5.479   0.712221
2050   1   21.1072   5.6106   0.832489
2050   2   23.256   7.17487   1.17942
2050   3   26.5747   9.08719   0.666673
2050   4   31.624   13.1202   0.212388
2050   5   36.4954   17.624   0.0554975
2050   6   41.0351   22.3579   0.096687
2050   7   42.5048   26.6906   0.980987
2050   8   41.9033   26.6436   1.19274
2050   9   39.8068   23.4058   0.738487
2050   10   34.4557   17.2888   0.689404
2050   11   26.4124   9.62393   0.57412
2050   12   21.2912   5.53143   0.893303
2051   1   20.8434   5.74307   0.897977
2051   2   23.1478   6.73221   0.988844
2051   3   26.0632   9.56686   0.92959
2051   4   31.0497   12.3866   0.227133
2051   5   35.6591   17.3063   0.151585
2051   6   41.1845   22.6575   0.103884
2051   7   42.8106   26.9861   1.00559
2051   8   42.235   27.0518   1.23685
2051   9   39.817   23.3937   0.769342
2051   10   33.9317   16.6227   0.574947
2051   11   26.8318   10.0124   0.343948
2051   12   21.4686   5.52365   0.840409
2052   1   20.6976   5.72244   1.2585
2052   2   23.7383   7.45447   0.766249
2052   3   25.4323   9.22083   0.895427
2052   4   31.5566   13.0193   0.17163
2052   5   36.3842   17.5971   0.0808885
2052   6   41.254   23.1705   0.147459
2052   7   43.0541   27.1453   0.746199
2052   8   42.0279   27.1042   1.30993
2052   9   39.9536   23.4073   0.647691
2052   10   34.1255   16.6276   0.375989
2052   11   27.0564   9.61356   0.385826
2052   12   22.0722   5.75638   0.533042
2053   1   20.9091   5.65656   0.950856
2053   2   23.0753   7.07956   1.10951
2053   3   25.2115   8.78363   1.03009
2053   4   30.9149   12.2133   0.150613
2053   5   36.1494   17.3422   0.0778398
2053   6   41.6787   23.4091   0.109105
2053   7   42.9789   27.3354   1.05289
2053   8   42.2209   26.7364   1.13723
2053   9   40.2972   23.7373   0.453222
2053   10   34.4666   17.2101   0.585803
2053   11   26.6823   9.93967   0.416796
2053   12   21.9085   6.09045   0.995914
2054   1   20.9848   5.62387   0.786422
2054   2   23.4376   6.785   0.739946
2054   3   26.6727   9.3826   0.689747
2054   4   31.7153   12.6732   0.143189
2054   5   36.4888   17.8676   0.070274
2054   6   41.7325   23.2424   0.109813
2054   7   43.1413   27.2993   0.831126
2054   8   42.2284   27.0139   1.05916
2054   9   40.3097   23.6223   0.518527
2054   10   34.7234   17.4312   0.650909
2054   11   26.3503   9.93457   0.536576
2054   12   21.7985   5.75754   0.687569
2055   1   21.2205   5.6171   1.09143
2055   2   23.2855   6.59671   1.08026
2055   3   26.5342   8.79425   0.6191
2055   4   31.6787   12.5904   0.14293
2055   5   36.4724   17.5062   0.0572055
2055   6   41.5933   23.2042   0.0662968
2055   7   43.0216   27.3246   0.824748
2055   8   42.2698   26.7978   1.25872
2055   9   40.1061   23.4516   0.579325
2055   10   35.0079   17.6535   0.918959
2055   11   26.8663   9.76996   0.317497
2055   12   21.5632   5.58679   0.714212
2056   1   21.6795   6.22592   0.757307
2056   2   24.3103   7.40778   0.689539
2056   3   27.415   9.95193   0.623029
2056   4   32.0188   13.1292   0.207833
2056   5   36.6621   18.4042   0.0635426
2056   6   41.6437   23.1752   0.0884124
2056   7   43.2001   27.497   0.873628
2056   8   42.5989   27.4468   1.17781
2056   9   40.2238   24.1659   0.758277
2056   10   34.2213   17.0819   0.617337
2056   11   26.6998   9.78589   0.530039
2056   12   21.2385   5.9613   1.04782
2057   1   21.2569   6.27295   1.07617
2057   2   23.4929   7.74246   1.21753
2057   3   26.1142   9.60803   0.932927
2057   4   30.9724   12.7724   0.264607
2057   5   36.5627   17.8776   0.0607148
2057   6   41.6865   23.2079   0.0780537
2057   7   43.0875   27.3477   0.749353
2057   8   42.5601   27.1843   1.26845
2057   9   40.0469   23.9358   0.744674
2057   10   34.3139   17.6963   1.09992
2057   11   26.7362   10.3521   0.559964
2057   12   21.7182   6.00403   0.563371
2058   1   21.2782   5.60229   1.00097
2058   2   23.8901   7.27133   1.09445
2058   3   26.6887   9.04437   0.704037
2058   4   32.4315   13.6566   0.190368
2058   5   37.3636   18.3079   0.0466141
2058   6   41.5384   23.195   0.0899002
2058   7   42.9437   27.2661   0.781357
2058   8   42.4241   26.7921   0.86086
2058   9   40.3099   23.8587   0.661447
2058   10   34.8301   17.3687   0.537259
2058   11   27.0827   10.1705   0.648565
2058   12   22.2581   6.19046   0.656892
2059   1   21.6631   5.86682   0.988919
2059   2   23.4892   7.59589   0.863575
2059   3   26.8728   9.60428   0.683821
2059   4   31.9779   13.066   0.0994399
2059   5   36.6998   17.9151   0.0710213
2059   6   42.0564   23.4287   0.0851799
2059   7   43.4099   27.5379   0.856478
2059   8   42.4278   27.1158   1.1734
2059   9   39.7961   23.9667   1.09068
2059   10   34.1243   17.1062   0.550479
2059   11   27.8067   10.7138   0.26095
2059   12   22.4286   6.21075   0.442389
2060   1   22.4181   6.60342   0.63379
2060   2   23.9497   7.3808   0.912361
2060   3   26.6389   9.34573   0.771869
2060   4   32.0343   13.1768   0.125026
2060   5   36.764   18.0003   0.073064
2060   6   41.6111   23.125   0.0282876
2060   7   43.3963   27.4717   0.766424
2060   8   42.4042   27.397   1.40966
2060   9   40.425   24.0875   0.818116
2060   10   34.7175   17.5661   0.693614
2060   11   27.075   10.3161   0.646032
2060   12   22.1694   6.12326   0.663532
2061   1   0   0   0
2061   2   0   0   0
2061   3   0   0   0
2061   4   0   0   0
2061   5   0   0   0
2061   6   0   0   0
2061   7   0   0   0
2061   8   0   0   0
2061   9   0   0   0
2061   10   0   0   0
2061   11   0   0   0
2061   12   0   0   0
2062   1   0   0   0
2062   2   0   0   0
2062   3   0   0   0
2062   4   0   0   0
2062   5   0   0   0
2062   6   0   0   0
2062   7   0   0   0
2062   8   0   0   0
2062   9   0   0   0
2062   10   0   0   0
2062   11   0   0   0
2062   12   0   0   0
2063   1   0   0   0
2063   2   0   0   0
2063   3   0   0   0
2063   4   0   0   0
2063   5   0   0   0
2063   6   0   0   0
2063   7   0   0   0
2063   8   0   0   0
2063   9   0   0   0
2063   10   0   0   0
2063   11   0   0   0
2063   12   0   0   0
2064   1   0   0   0
2064   2   0   0   0
2064   3   0   0   0
2064   4   0   0   0
2064   5   0   0   0
2064   6   0   0   0
2064   7   0   0   0
2064   8   0   0   0
2064   9   0   0   0
2064   10   0   0   0
2064   11   0   0   0
2064   12   0   0   0
2065   1   0   0   0
2065   2   0   0   0
2065   3   0   0   0
2065   4   0   0   0
2065   5   0   0   0
2065   6   0   0   0
2065   7   0   0   0
2065   8   0   0   0
2065   9   0   0   0
2065   10   0   0   0
2065   11   0   0   0
2065   12   0   0   0
2066   1   0   0   0
2066   2   0   0   0
2066   3   0   0   0
2066   4   0   0   0
2066   5   0   0   0
2066   6   0   0   0
2066   7   0   0   0
2066   8   0   0   0
2066   9   0   0   0
2066   10   0   0   0
2066   11   0   0   0
2066   12   0   0   0
2067   1   0   0   0
2067   2   0   0   0
2067   3   0   0   0
2067   4   0   0   0
2067   5   0   0   0
2067   6   0   0   0
2067   7   0   0   0
2067   8   0   0   0
2067   9   0   0   0
2067   10   0   0   0
2067   11   0   0   0
2067   12   0   0   0
2068   1   0   0   0
2068   2   0   0   0
2068   3   0   0   0
2068   4   0   0   0
2068   5   0   0   0
2068   6   0   0   0
2068   7   0   0   0
2068   8   0   0   0
2068   9   0   0   0
2068   10   0   0   0
2068   11   0   0   0
2068   12   0   0   0
2069   1   0   0   0
2069   2   0   0   0
2069   3   0   0   0
2069   4   0   0   0
2069   5   0   0   0
2069   6   0   0   0
2069   7   0   0   0
2069   8   0   0   0
2069   9   0   0   0
2069   10   0   0   0
2069   11   0   0   0
2069   12   0   0   0
2070   1   0   0   0
2070   2   0   0   0
2070   3   0   0   0
2070   4   0   0   0
2070   5   0   0   0
2070   6   0   0   0
2070   7   0   0   0
2070   8   0   0   0
2070   9   0   0   0
2070   10   0   0   0
2070   11   0   0   0
2070   12   0   0   0
2071   1   0   0   0
2071   2   0   0   0
2071   3   0   0   0
2071   4   0   0   0
2071   5   0   0   0
2071   6   0   0   0
2071   7   0   0   0
2071   8   0   0   0
2071   9   0   0   0
2071   10   0   0   0
2071   11   0   0   0
2071   12   0   0   0
2072   1   0   0   0
2072   2   0   0   0
2072   3   0   0   0
2072   4   0   0   0
2072   5   0   0   0
2072   6   0   0   0
2072   7   0   0   0
2072   8   0   0   0
2072   9   0   0   0
2072   10   0   0   0
2072   11   0   0   0
2072   12   0   0   0
2073   1   0   0   0
2073   2   0   0   0
2073   3   0   0   0
2073   4   0   0   0
2073   5   0   0   0
2073   6   0   0   0
2073   7   0   0   0
2073   8   0   0   0
2073   9   0   0   0
2073   10   0   0   0
2073   11   0   0   0
2073   12   0   0   0
2074   1   0   0   0
2074   2   0   0   0
2074   3   0   0   0
2074   4   0   0   0
2074   5   0   0   0
2074   6   0   0   0
2074   7   0   0   0
2074   8   0   0   0
2074   9   0   0   0
2074   10   0   0   0
2074   11   0   0   0
2074   12   0   0   0
2075   1   0   0   0
2075   2   0   0   0
2075   3   0   0   0
2075   4   0   0   0
2075   5   0   0   0
2075   6   0   0   0
2075   7   0   0   0
2075   8   0   0   0
2075   9   0   0   0
2075   10   0   0   0
2075   11   0   0   0
2075   12   0   0   0
2076   1   0   0   0
2076   2   0   0   0
2076   3   0   0   0
2076   4   0   0   0
2076   5   0   0   0
2076   6   0   0   0
2076   7   0   0   0
2076   8   0   0   0
2076   9   0   0   0
2076   10   0   0   0
2076   11   0   0   0
2076   12   0   0   0
2077   1   0   0   0
2077   2   0   0   0
2077   3   0   0   0
2077   4   0   0   0
2077   5   0   0   0
2077   6   0   0   0
2077   7   0   0   0
2077   8   0   0   0
2077   9   0   0   0
2077   10   0   0   0
2077   11   0   0   0
2077   12   0   0   0
2078   1   0   0   0
2078   2   0   0   0
2078   3   0   0   0
2078   4   0   0   0
2078   5   0   0   0
2078   6   0   0   0
2078   7   0   0   0
2078   8   0   0   0
2078   9   0   0   0
2078   10   0   0   0
2078   11   0   0   0
2078   12   0   0   0
2079   1   0   0   0
2079   2   0   0   0
2079   3   0   0   0
2079   4   0   0   0
2079   5   0   0   0
2079   6   0   0   0
2079   7   0   0   0
2079   8   0   0   0
2079   9   0   0   0
2079   10   0   0   0
2079   11   0   0   0
2079   12   0   0   0
2080   1   0   0   0
2080   2   0   0   0
2080   3   0   0   0
2080   4   0   0   0
2080   5   0   0   0
2080   6   0   0   0
2080   7   0   0   0
2080   8   0   0   0
2080   9   0   0   0
2080   10   0   0   0
2080   11   0   0   0
2080   12   0   0   0
2081   1   0   0   0
2081   2   0   0   0
2081   3   0   0   0
2081   4   0   0   0
2081   5   0   0   0
2081   6   0   0   0
2081   7   0   0   0
2081   8   0   0   0
2081   9   0   0   0
2081   10   0   0   0
2081   11   0   0   0
2081   12   0   0   0
2082   1   0   0   0
2082   2   0   0   0
2082   3   0   0   0
2082   4   0   0   0
2082   5   0   0   0
2082   6   0   0   0
2082   7   0   0   0
2082   8   0   0   0
2082   9   0   0   0
2082   10   0   0   0
2082   11   0   0   0
2082   12   0   0   0
2083   1   0   0   0
2083   2   0   0   0
2083   3   0   0   0
2083   4   0   0   0
2083   5   0   0   0
2083   6   0   0   0
2083   7   0   0   0
2083   8   0   0   0
2083   9   0   0   0
2083   10   0   0   0
2083   11   0   0   0
2083   12   0   0   0
2084   1   0   0   0
2084   2   0   0   0
2084   3   0   0   0
2084   4   0   0   0
2084   5   0   0   0
2084   6   0   0   0
2084   7   0   0   0
2084   8   0   0   0
2084   9   0   0   0
2084   10   0   0   0
2084   11   0   0   0
2084   12   0   0   0
2085   1   0   0   0
2085   2   0   0   0
2085   3   0   0   0
2085   4   0   0   0
2085   5   0   0   0
2085   6   0   0   0
2085   7   0   0   0
2085   8   0   0   0
2085   9   0   0   0
2085   10   0   0   0
2085   11   0   0   0
2085   12   0   0   0
2086   1   0   0   0
2086   2   0   0   0
2086   3   0   0   0
2086   4   0   0   0
2086   5   0   0   0
2086   6   0   0   0
2086   7   0   0   0
2086   8   0   0   0
2086   9   0   0   0
2086   10   0   0   0
2086   11   0   0   0
2086   12   0   0   0
