45.4 18.9  0.0  0.0  0.0  0.7  0.0 38.1  0.0  0.0 29.3  0.0 12.7 73.9  0.0  0.0 12.1  8.4 21.5  0.0  4.2  0.0  0.0  0.3  0.7 42.4  0.0  0.0  0.0  0.0  0.0  0.0  9.7  0.0  0.0
 0.1  1.0 13.6  0.0  0.0  0.7  0.0  0.3  0.0  0.0  0.0  0.0  0.0  0.2  0.0  0.0  0.0 31.5  1.5  0.0  0.0  0.0  0.0  5.4 25.0  0.0  0.0  0.0  0.0  3.4  0.0  0.0 20.5  0.0  0.0
 0.0  0.7  0.9  0.0  0.0  0.4  0.0  0.3  0.0  0.0  1.2  0.0  0.3  0.0  0.0  0.0  1.5  0.5  0.3  0.2  1.4  0.0  0.0  0.4  0.9  0.0  0.0  0.0  0.0  0.5  0.0  2.8  1.8  0.5  0.0
 0.5  0.8 16.8  0.0  0.0  0.1 32.9  0.1  0.0  0.0  0.1  0.0  0.0  0.8  0.0  0.0  2.1  2.9  0.9  0.0 18.4  0.0  0.0  0.4  2.2  0.3  0.0  0.0  0.0  3.9  0.0 11.6  1.3  0.0  0.0
 0.0  0.0  0.0  0.0  0.0  0.0  0.0  0.0  0.0  0.0  0.0  0.0  0.0  0.0  0.0  0.0  0.0  0.0  0.0  0.0  0.0  0.0  0.0  0.0  0.0  0.0  0.0  0.0  0.0  0.0  0.0  0.0  0.0  0.0  0.0
 0.0  4.4  3.7  2.1  0.9  0.4  0.0  6.2  0.0  0.0  2.3  0.0  0.5  0.0  0.0  1.1  0.8  3.2  0.5  0.0  3.0  0.0  0.0  0.9  2.8  0.0  3.3  0.0  0.0  1.4  0.0  4.4  4.1  0.0  5.2
 0.0  0.2  0.0  0.0  0.0  0.3  0.0  0.1  1.3  0.4  0.0  0.0  0.8  0.0  1.2  0.0  0.0  0.3  0.4  0.0  0.0  0.0  0.0  0.4  0.5  0.0  0.0  5.9  0.0  0.1  0.7  0.0  0.0  0.1  7.6
15.2 16.0 49.1  0.0  0.0  0.7 63.0  1.3  0.0  0.0  5.0  0.0  0.0 25.0  0.0  0.0 15.1  3.1  4.7  0.0 12.1  0.0  0.0  0.0  2.4  4.2  0.0  0.0  0.0  5.8  0.0 18.3  8.4  0.0  0.0
38.3 57.7  9.6 97.9 98.6 95.8  2.3 52.4 98.0 99.6 58.5 99.8 85.6  0.0 98.8 98.8 65.8 43.4 69.1 99.8 52.6  0.0  0.0 87.4 58.5 52.0 96.7 94.1 99.9 82.4 99.3 46.6 45.6 99.0 87.2
 0.6  0.2  6.3  0.0  0.0  0.3  1.8  0.1  0.0  0.0  3.4  0.0  0.0  0.0  0.0  0.0  2.5  6.4  1.0  0.0  8.1  0.0  0.0  0.9  5.7  0.9  0.0  0.0  0.0  2.2  0.0 11.8  8.5  0.0  0.0
 0.0  0.0  0.0  0.0  0.0  0.0  0.0  1.1  0.6  0.1  0.0  0.0  0.1  0.0  0.0  0.0  0.0  0.0  0.0  0.0  0.3  0.0  0.0  0.1  1.2  0.2  0.0  0.1  0.0  0.1  0.0  4.2  0.0  0.0  0.0
 0.0  0.0  0.0  0.1  0.4  0.4  0.0  0.1  0.1  0.0  0.3  0.2  0.0  0.0  0.0  0.0  0.1  0.4  0.2  0.0  0.1  0.0  0.0  3.7  0.3  0.0  0.1  0.0  0.1  0.1  0.0  0.3  0.2  0.4  0.0
 0.0  0.0  0.0  0.0  0.0  0.0  0.0  0.0  0.0  0.0  0.0  0.0  0.0  0.0  0.0  0.0  0.0  0.0  0.0  0.0  0.0  0.0  0.0  0.0  0.0  0.0  0.0  0.0  0.0  0.0  0.0  0.0  0.0  0.0  0.0
