2011 15886543
2012 12322111
2013 15028307
2014 19109841
2015 16876598
2016 15418937
2017 14503654
2018 17182219
2019 13421825
2020 16320399
2021 18145684
2022 24311361
2023 17915230
2024 8763345
2025 15618444
2026 17226160
2027 17103401
2028 14332849
2029 13372094
2030 10659969
2031 13523559
2032 11755645
2033 18336644
2034 18024649
2035 11009997
2036 15936629
2037 12208650
2038 17259195
2039 21156703
2040 20099027
2041 21101838
2042 17055224
2043 13353297
2044 12959347
2045 11327593
2046 14091860
2047 10406327
2048 18500782
2049 18471774
2050 14237891
2051 15618277
2052 14161519
2053 8279002
2054 15709495
2055 12954139
2056 10920694
2057 8307854
2058 19628315
2059 19860049
2060 13059689
2061 4858370
2062 11685092
2063 12037829
2064 15763553
2065 12799283
2066 12232160
2067 11532311
2068 10424345
2069 15142170
2070 16931053
2071 15022092
2072 12336408
2073 9842892
2074 15108697
2075 16851325
2076 16257653
2077 12193651
2078 8886817
2079 12806811
2080 14201491
2081 6000000
2082 6000000
2083 6000000
2084 6000000
2085 6000000