0.0887224713 0.0551448469 0.0256681455 0.1029960520 0.0123162794 0.0694669391 0.0030567894
0.0901328065 0.0561085605 0.0255775488 0.1035101728 0.0150562735 0.0686904043 0.0030506240
0.0915392884 0.0570696410 0.0254871996 0.1040228890 0.0177887812 0.0679159913 0.0030444755
0.0929457702 0.0580307215 0.0253968504 0.1045356052 0.0205212889 0.0671415783 0.0030383269
0.0943522520 0.0589918020 0.0253065012 0.1050483214 0.0232537966 0.0663671652 0.0030321783
0.0957625872 0.0599555156 0.0252159045 0.1055624423 0.0259937906 0.0655906305 0.0030260129
0.0971690691 0.0609165961 0.0251255553 0.1060751585 0.0287262984 0.0648162175 0.0030198644
0.0985755509 0.0618776766 0.0250352061 0.1065878747 0.0314588061 0.0640418045 0.0030137158
0.0999820327 0.0628387571 0.0249448569 0.1071005909 0.0341913138 0.0632673914 0.0030075672
0.1013923679 0.0638024707 0.0248542602 0.1076147118 0.0369313078 0.0624908567 0.0030014018
0.1027988498 0.0647635513 0.0247639110 0.1081274280 0.0396638155 0.0617164437 0.0029952533
0.1042057167 0.0657248949 0.0246735371 0.1086402846 0.0423970715 0.0609418186 0.0029891030
0.1056125837 0.0666862386 0.0245831632 0.1091531412 0.0451303274 0.0601671935 0.0029829528
0.1070233051 0.0676502161 0.0244925416 0.1096674028 0.0478710717 0.0593904462 0.0029767857
0.1084301720 0.0686115598 0.0244021677 0.1101802594 0.0506043277 0.0586158211 0.0029706354
0.1098370390 0.0695729034 0.0243117938 0.1106931160 0.0533375836 0.0578411960 0.0029644852
0.1112439059 0.0705342471 0.0242214199 0.1112059726 0.0560708395 0.0570665709 0.0029583349
0.1126546273 0.0714982246 0.0241307983 0.1117202343 0.0588115838 0.0562898236 0.0029521678
0.1140614943 0.0724595682 0.0240404244 0.1122330909 0.0615448398 0.0555151985 0.0029460176
0.1154683612 0.0734209119 0.0239500505 0.1127459474 0.0642780957 0.0547405734 0.0029398674
0.1168752282 0.0743822556 0.0238596766 0.1132588040 0.0670113516 0.0539659483 0.0029337171
0.1182851774 0.0753457054 0.0237691046 0.1137727842 0.0697505958 0.0531896261 0.0029275534
0.1196912744 0.0763065229 0.0236787802 0.1142853601 0.0724823557 0.0524154250 0.0029214065
0.1210973713 0.0772673404 0.0235884557 0.1147979360 0.0752141156 0.0516412239 0.0029152596
0.1225034682 0.0782281579 0.0234981313 0.1153105119 0.0779458755 0.0508670228 0.0029091127
0.1239134174 0.0791916078 0.0234075593 0.1158244920 0.0806851197 0.0500907006 0.0029029490
0.1253202844 0.0801529514 0.0233171854 0.1163373486 0.0834183756 0.0493160755 0.0028967988
0.1267271513 0.0811142951 0.0232268115 0.1168502052 0.0861516316 0.0485414504 0.0028906485
0.1281340183 0.0820756388 0.0231364376 0.1173630618 0.0888848875 0.0477668254 0.0028844983
0.1295447397 0.0830396163 0.0230458160 0.1178773235 0.0916256318 0.0469900780 0.0028783312
0.1309516066 0.0840009599 0.0229554421 0.1183901801 0.0943588878 0.0462154529 0.0028721809
0.1309516066 0.0840009599 0.0229554421 0.1183901801 0.0943588878 0.0462154529 0.0028721809
0.1309516066 0.0840009599 0.0229554421 0.1183901801 0.0943588878 0.0462154529 0.0028721809
0.1309516066 0.0840009599 0.0229554421 0.1183901801 0.0943588878 0.0462154529 0.0028721809
0.1309516066 0.0840009599 0.0229554421 0.1183901801 0.0943588878 0.0462154529 0.0028721809
0.1309516066 0.0840009599 0.0229554421 0.1183901801 0.0943588878 0.0462154529 0.0028721809
0.1309516066 0.0840009599 0.0229554421 0.1183901801 0.0943588878 0.0462154529 0.0028721809
0.1309516066 0.0840009599 0.0229554421 0.1183901801 0.0943588878 0.0462154529 0.0028721809
0.1309516066 0.0840009599 0.0229554421 0.1183901801 0.0943588878 0.0462154529 0.0028721809
0.1309516066 0.0840009599 0.0229554421 0.1183901801 0.0943588878 0.0462154529 0.0028721809
0.1309516066 0.0840009599 0.0229554421 0.1183901801 0.0943588878 0.0462154529 0.0028721809
0.1309516066 0.0840009599 0.0229554421 0.1183901801 0.0943588878 0.0462154529 0.0028721809
0.1309516066 0.0840009599 0.0229554421 0.1183901801 0.0943588878 0.0462154529 0.0028721809
0.1309516066 0.0840009599 0.0229554421 0.1183901801 0.0943588878 0.0462154529 0.0028721809
0.1309516066 0.0840009599 0.0229554421 0.1183901801 0.0943588878 0.0462154529 0.0028721809
0.1309516066 0.0840009599 0.0229554421 0.1183901801 0.0943588878 0.0462154529 0.0028721809
0.1309516066 0.0840009599 0.0229554421 0.1183901801 0.0943588878 0.0462154529 0.0028721809
0.1309516066 0.0840009599 0.0229554421 0.1183901801 0.0943588878 0.0462154529 0.0028721809
0.1309516066 0.0840009599 0.0229554421 0.1183901801 0.0943588878 0.0462154529 0.0028721809
0.1309516066 0.0840009599 0.0229554421 0.1183901801 0.0943588878 0.0462154529 0.0028721809
0.1309516066 0.0840009599 0.0229554421 0.1183901801 0.0943588878 0.0462154529 0.0028721809
0.1309516066 0.0840009599 0.0229554421 0.1183901801 0.0943588878 0.0462154529 0.0028721809
0.1309516066 0.0840009599 0.0229554421 0.1183901801 0.0943588878 0.0462154529 0.0028721809
0.1309516066 0.0840009599 0.0229554421 0.1183901801 0.0943588878 0.0462154529 0.0028721809
0.1309516066 0.0840009599 0.0229554421 0.1183901801 0.0943588878 0.0462154529 0.0028721809
0.1309516066 0.0840009599 0.0229554421 0.1183901801 0.0943588878 0.0462154529 0.0028721809
0.1309516066 0.0840009599 0.0229554421 0.1183901801 0.0943588878 0.0462154529 0.0028721809
0.1309516066 0.0840009599 0.0229554421 0.1183901801 0.0943588878 0.0462154529 0.0028721809
0.1309516066 0.0840009599 0.0229554421 0.1183901801 0.0943588878 0.0462154529 0.0028721809
0.1309516066 0.0840009599 0.0229554421 0.1183901801 0.0943588878 0.0462154529 0.0028721809
0.1309516066 0.0840009599 0.0229554421 0.1183901801 0.0943588878 0.0462154529 0.0028721809
0.1309516066 0.0840009599 0.0229554421 0.1183901801 0.0943588878 0.0462154529 0.0028721809
0.1309516066 0.0840009599 0.0229554421 0.1183901801 0.0943588878 0.0462154529 0.0028721809
0.1309516066 0.0840009599 0.0229554421 0.1183901801 0.0943588878 0.0462154529 0.0028721809
0.1309516066 0.0840009599 0.0229554421 0.1183901801 0.0943588878 0.0462154529 0.0028721809
0.1309516066 0.0840009599 0.0229554421 0.1183901801 0.0943588878 0.0462154529 0.0028721809
0.1309516066 0.0840009599 0.0229554421 0.1183901801 0.0943588878 0.0462154529 0.0028721809
0.1309516066 0.0840009599 0.0229554421 0.1183901801 0.0943588878 0.0462154529 0.0028721809
0.1309516066 0.0840009599 0.0229554421 0.1183901801 0.0943588878 0.0462154529 0.0028721809
0.1309516066 0.0840009599 0.0229554421 0.1183901801 0.0943588878 0.0462154529 0.0028721809
0.1309516066 0.0840009599 0.0229554421 0.1183901801 0.0943588878 0.0462154529 0.0028721809
0.1309516066 0.0840009599 0.0229554421 0.1183901801 0.0943588878 0.0462154529 0.0028721809
0.1309516066 0.0840009599 0.0229554421 0.1183901801 0.0943588878 0.0462154529 0.0028721809
0.1309516066 0.0840009599 0.0229554421 0.1183901801 0.0943588878 0.0462154529 0.0028721809
0.1309516066 0.0840009599 0.0229554421 0.1183901801 0.0943588878 0.0462154529 0.0028721809
0.1309516066 0.0840009599 0.0229554421 0.1183901801 0.0943588878 0.0462154529 0.0028721809
0.1309516066 0.0840009599 0.0229554421 0.1183901801 0.0943588878 0.0462154529 0.0028721809
0.1309516066 0.0840009599 0.0229554421 0.1183901801 0.0943588878 0.0462154529 0.0028721809
0.1309516066 0.0840009599 0.0229554421 0.1183901801 0.0943588878 0.0462154529 0.0028721809
0.1309516066 0.0840009599 0.0229554421 0.1183901801 0.0943588878 0.0462154529 0.0028721809
0.1309516066 0.0840009599 0.0229554421 0.1183901801 0.0943588878 0.0462154529 0.0028721809
0.1309516066 0.0840009599 0.0229554421 0.1183901801 0.0943588878 0.0462154529 0.0028721809
0.1309516066 0.0840009599 0.0229554421 0.1183901801 0.0943588878 0.0462154529 0.0028721809
0.1309516066 0.0840009599 0.0229554421 0.1183901801 0.0943588878 0.0462154529 0.0028721809
0.1309516066 0.0840009599 0.0229554421 0.1183901801 0.0943588878 0.0462154529 0.0028721809
0.1309516066 0.0840009599 0.0229554421 0.1183901801 0.0943588878 0.0462154529 0.0028721809
0.1309516066 0.0840009599 0.0229554421 0.1183901801 0.0943588878 0.0462154529 0.0028721809
0.1309516066 0.0840009599 0.0229554421 0.1183901801 0.0943588878 0.0462154529 0.0028721809
0.1309516066 0.0840009599 0.0229554421 0.1183901801 0.0943588878 0.0462154529 0.0028721809
0.1309516066 0.0840009599 0.0229554421 0.1183901801 0.0943588878 0.0462154529 0.0028721809
0.1309516066 0.0840009599 0.0229554421 0.1183901801 0.0943588878 0.0462154529 0.0028721809
0.1309516066 0.0840009599 0.0229554421 0.1183901801 0.0943588878 0.0462154529 0.0028721809
0.1309516066 0.0840009599 0.0229554421 0.1183901801 0.0943588878 0.0462154529 0.0028721809
0.1309516066 0.0840009599 0.0229554421 0.1183901801 0.0943588878 0.0462154529 0.0028721809
0.1309516066 0.0840009599 0.0229554421 0.1183901801 0.0943588878 0.0462154529 0.0028721809
0.1309516066 0.0840009599 0.0229554421 0.1183901801 0.0943588878 0.0462154529 0.0028721809
0.1309516066 0.0840009599 0.0229554421 0.1183901801 0.0943588878 0.0462154529 0.0028721809
0.1309516066 0.0840009599 0.0229554421 0.1183901801 0.0943588878 0.0462154529 0.0028721809
0.1309516066 0.0840009599 0.0229554421 0.1183901801 0.0943588878 0.0462154529 0.0028721809
0.1309516066 0.0840009599 0.0229554421 0.1183901801 0.0943588878 0.0462154529 0.0028721809
0.1309516066 0.0840009599 0.0229554421 0.1183901801 0.0943588878 0.0462154529 0.0028721809