0.7864008410 0.7864008410 0.7864008410
0.8113741600 0.8080690520 0.8043156600
0.8362792470 0.8296780600 0.8221815320
0.8611843330 0.8512870680 0.8400474040
0.8860894200 0.8728960760 0.8579132760
0.9110627400 0.8945642870 0.8758280950
0.9359678260 0.9161732960 0.8936939670
0.9608729130 0.9377823040 0.9115598390
0.9857779990 0.9593913120 0.9294257110
1.0107513190 0.9810595230 0.9473405300
1.0356564060 1.0026685310 0.9652064020
1.0602155340 1.0267042510 0.9652064020
1.0847746620 1.0507399700 0.9886969600
1.1094010760 1.0748415410 1.0122518760
1.1339602040 1.0988772610 1.0357424340
1.1585193320 1.1229129800 1.0592329920
1.1830784610 1.1469487000 1.0827235500
1.2077048740 1.1710502710 1.1062784660
1.2322640030 1.1950859900 1.1297690240
1.2568231310 1.2191217100 1.1532595830
1.2813822590 1.2431574300 1.2002406990
1.3087720180 1.2698962710 1.2263012980
1.3360869420 1.2965620560 1.2522906940
1.3634018660 1.3232278410 1.2782800900
1.3907167900 1.3498936260 1.3042694860
1.4181065490 1.3766324680 1.3303300850
1.4367726180 1.3944982760 1.3473229300
1.4554386880 1.4123640840 1.3643157750
1.4741047570 1.4302298920 1.3813086200
1.4928219660 1.4481446480 1.3983480200
1.5114880350 1.4660104560 1.4153408650
1.5301541040 1.4838762640 1.4323337100
1.5488201730 1.5017420720 1.4493265550
1.5674862420 1.5196078800 1.4663194000
1.5861523110 1.5374736880 1.4833122450
1.5861523110 1.5374736880 1.4833122450
1.5861523110 1.5374736880 1.4833122450
1.5861523110 1.5374736880 1.4833122450
1.5861523110 1.5374736880 1.4833122450
1.5861523110 1.5374736880 1.4833122450
1.5861523110 1.5374736880 1.4833122450
1.5861523110 1.5374736880 1.4833122450
1.5861523110 1.5374736880 1.4833122450
1.5861523110 1.5374736880 1.4833122450
1.5861523110 1.5374736880 1.4833122450
1.5861523110 1.5374736880 1.4833122450
1.5861523110 1.5374736880 1.4833122450
1.5861523110 1.5374736880 1.4833122450
1.5861523110 1.5374736880 1.4833122450
1.5861523110 1.5374736880 1.4833122450
1.5861523110 1.5374736880 1.4833122450
1.5861523110 1.5374736880 1.4833122450
1.5861523110 1.5374736880 1.4833122450
1.5861523110 1.5374736880 1.4833122450
1.5861523110 1.5374736880 1.4833122450
1.5861523110 1.5374736880 1.4833122450
1.5861523110 1.5374736880 1.4833122450
1.5861523110 1.5374736880 1.4833122450
1.5861523110 1.5374736880 1.4833122450
1.5861523110 1.5374736880 1.4833122450
1.5861523110 1.5374736880 1.4833122450
1.5861523110 1.5374736880 1.4833122450
1.5861523110 1.5374736880 1.4833122450
1.5861523110 1.5374736880 1.4833122450
1.5861523110 1.5374736880 1.4833122450
1.5861523110 1.5374736880 1.4833122450
1.5861523110 1.5374736880 1.4833122450
1.5861523110 1.5374736880 1.4833122450
1.5861523110 1.5374736880 1.4833122450
1.5861523110 1.5374736880 1.4833122450
1.5861523110 1.5374736880 1.4833122450
1.5861523110 1.5374736880 1.4833122450
1.5861523110 1.5374736880 1.4833122450
1.5861523110 1.5374736880 1.4833122450
1.5861523110 1.5374736880 1.4833122450
1.5861523110 1.5374736880 1.4833122450
1.5861523110 1.5374736880 1.4833122450
1.5861523110 1.5374736880 1.4833122450
1.5861523110 1.5374736880 1.4833122450
1.5861523110 1.5374736880 1.4833122450
1.5861523110 1.5374736880 1.4833122450
1.5861523110 1.5374736880 1.4833122450
1.5861523110 1.5374736880 1.4833122450
1.5861523110 1.5374736880 1.4833122450
1.5861523110 1.5374736880 1.4833122450
1.5861523110 1.5374736880 1.4833122450
1.5861523110 1.5374736880 1.4833122450
1.5861523110 1.5374736880 1.4833122450
1.5861523110 1.5374736880 1.4833122450
1.5861523110 1.5374736880 1.4833122450
1.5861523110 1.5374736880 1.4833122450
1.5861523110 1.5374736880 1.4833122450
1.5861523110 1.5374736880 1.4833122450
1.5861523110 1.5374736880 1.4833122450
1.5861523110 1.5374736880 1.4833122450
1.5861523110 1.5374736880 1.4833122450
1.5861523110 1.5374736880 1.4833122450
1.5861523110 1.5374736880 1.4833122450
1.5861523110 1.5374736880 1.4833122450
1.5861523110 1.5374736880 1.4833122450
1.5861523110 1.5374736880 1.4833122450