52.2 18.9  0.0  0.0  0.0  6.2  0.0  9.7 82.4 35.8 27.4 57.1  2.7 26.2 78.0 21.5 18.7 16.9 13.5  0.0  3.2  0.0  0.0  6.8  8.0 52.3 27.8 38.0  0.8 26.6 84.6  0.0 13.0  0.3  0.0
 0.1  1.4  3.6  7.4  5.2  3.2  0.1  0.0  0.0  0.0 23.9  0.0  2.0  0.0  0.0  8.4 15.7 12.4  6.9  5.5 19.9  0.0  0.0  3.1 14.9  0.9  3.3  0.0  5.3  4.7  0.0 33.4 43.4 18.0  0.0
 0.0  0.5  0.6  0.0  0.0  0.3  0.0  0.3  0.0  0.0  0.8  0.0  0.3  0.0  0.0  0.0  1.1  0.4  0.3  0.1  1.1  0.0  0.0  0.4  0.7  0.0  0.0  0.0  0.0  0.4  0.0  2.0  1.5  0.4  0.0
 0.8  2.8 10.2 22.8 22.2  3.7 21.5  0.2  0.0  0.0  9.5  0.0  2.7  0.0  0.0 11.9 10.8  9.4  4.0 18.4  9.1  0.0  0.0  3.1  7.1  1.8  4.5  0.0 14.0  4.1  0.0 12.0 12.4 15.7  0.0
 0.0  0.0  0.0  0.0  0.0  0.0  0.0  0.0  0.0  0.0  0.0  0.0  0.0  0.0  0.0  0.0  0.0  0.0  0.0  0.0  0.0  0.0  0.0  0.0  0.0  0.0  0.0  0.0  0.0  0.0  0.0  0.0  0.0  0.0  0.0
 0.1  1.5  0.0  0.5  0.9  0.4  0.0  0.3  0.0  0.0  2.0  0.0  0.6  0.0  0.0  1.0  0.7  2.2  0.4  0.0  3.0  0.0  0.0  0.8  2.3  0.0  3.4  0.0  0.0  1.0  0.0  3.5  3.5  0.0  5.2
 0.0  0.2  0.0  0.0  0.0  0.3  0.0  0.3  0.9  0.3  0.0  0.0  1.1  0.0  1.2  0.0  0.0  0.3  0.5  0.0  0.0  0.0  0.0  0.4  0.5  0.0  0.0  6.0  0.0  0.1  0.6  0.0  0.0  0.1  7.8
14.5 28.4 58.9 28.5 37.9  4.4 70.6  0.4  0.0  0.0 12.3  0.0  4.6  0.0  0.0 13.9 24.0 17.9  4.6 30.0 11.2  0.0  0.0  4.7 15.1  4.4 32.3  0.0 63.2 10.0  0.0 13.8  5.7 23.3  0.0
28.9 43.1  7.0  5.7  3.1 75.4  1.7 87.4 16.7 63.9  4.9 42.7 82.9 73.8 20.8 25.0  9.2 20.2 67.3 32.3 25.4  0.0  0.0 71.0 34.3 38.2 27.9 56.0  4.6 44.8 14.7  1.6  7.0 30.5 85.6
 3.3  3.2 19.7 34.3 30.1  5.7  6.1  0.5  0.0  0.0 18.8  0.0  2.9  0.0  0.0 18.2 19.3 19.9  2.2 13.6 26.8  0.0  0.0  5.9 15.6  2.2  0.7  0.0 12.0  8.1  0.0 28.6 13.3 11.1  1.4
 0.0  0.0  0.0  0.0  0.1  0.0  0.0  0.9  0.0  0.0  0.0  0.0  0.1  0.0  0.0  0.0  0.0  0.0  0.0  0.0  0.3  0.0  0.0  0.1  1.2  0.2  0.0  0.1  0.0  0.1  0.0  4.4  0.0  0.0  0.0
 0.0  0.0  0.0  0.8  0.5  0.5  0.0  0.1  0.0  0.0  0.5  0.2  0.0  0.0  0.0  0.0  0.4  0.5  0.2  0.0  0.1  0.0  0.0  3.7  0.3  0.0  0.0  0.0  0.1  0.1  0.0  0.6  0.2  0.6  0.0
 0.0  0.0  0.0  0.0  0.0  0.0  0.0  0.0  0.0  0.0  0.0  0.0  0.0  0.0  0.0  0.0  0.0  0.0  0.0  0.0  0.0  0.0  0.0  0.0  0.0  0.0  0.0  0.0  0.0  0.0  0.0  0.0  0.0  0.0  0.0
