62.455 14.559  0.000  0.000  0.236  7.985  0.000  7.529  0.000  0.000 10.900  0.070  2.863  1.696  0.026  0.570 22.527 12.823  7.181  0.000  9.137  6.407 99.999  1.641  4.045 33.978 42.403  1.174  0.352  0.002  0.000  0.200 20.539  0.000      0
 0.867  3.045 14.123 33.431 24.901  5.092  3.697  0.295  0.255  0.119 26.997 15.174  3.153  0.147  0.170 18.945 17.264 19.448  2.835 18.269 24.115  2.148 99.999  5.651 18.675  3.159  3.168  0.096 16.844  6.699  4.873 30.074 26.801 20.993      0
 0.000  0.000  0.005  0.000  0.000  0.000  0.000  0.046  0.000  0.000  0.000  0.000  0.118  0.000  0.000  0.000  0.000  0.032  0.000  0.000  0.173  0.261 99.999  0.218  0.101  0.000  0.000  0.000  0.000  0.107  0.000  0.024  0.000  0.000      0
 4.453  3.946 15.147 20.290 25.914  3.122 32.283  0.617  5.255  2.348 11.379 10.016  3.245  5.865  8.001  8.126 12.229  7.146  4.066 13.797  9.333  7.961 99.999  3.386  6.060  7.159  1.025 32.262  7.626  9.546  4.806 10.490  5.736  9.624      4
 0.000  0.000  0.000  0.000  0.000  0.000  0.000  0.000  0.000  0.000  0.000  0.000  0.000  0.000  0.000  0.000  0.000  0.000  0.000  0.000  0.000  0.000 99.999  0.000  0.000  0.000  0.000  0.000  0.000  0.000  0.000  0.000  0.000  0.000      0
 1.119  1.682  9.234 13.685 12.654  4.236  2.226  0.666  4.992  2.907 21.129 12.234  2.021  0.173  1.382  9.994 14.302 15.406  3.757  8.170 18.896  1.739 99.999  5.476 16.373  1.932  0.545  0.349  8.326  7.269  1.030 34.879 29.214  7.430      4
 0.000  0.164  0.000  0.000  0.017  0.319  0.000  0.403  1.543  0.457  0.027  0.000  1.286  0.000  1.395  0.030  0.005  0.254  0.578  0.001  0.036  1.024 99.999  0.477  0.579  0.000  0.000  5.994  0.000  0.145  0.780  0.000  0.000  0.097      9
17.697 50.742 54.613 24.797 30.371  6.798 61.052  7.932 41.358 20.068 26.712 22.313  9.996 24.726 54.367 38.536 30.650 31.821 39.441 54.621 15.068 14.915 99.999  6.783 18.438 23.000 34.257 22.020 61.611 28.774 75.362 18.545  6.733 24.249     15
13.404 25.858  6.866  6.977  5.331 71.974  0.680 82.444 46.505 74.098  2.255 39.965 77.272 67.393 34.640 23.715  2.562 12.500 41.911  5.061 23.043 65.410 99.999 72.676 35.225 30.765 18.516 38.032  5.131 47.325 13.148  4.319 10.775 36.989     70
 0.000  0.000  0.000  0.000  0.000  0.000  0.000  0.000  0.000  0.000  0.000  0.000  0.000  0.000  0.000  0.000  0.000  0.000  0.000  0.000  0.000  0.000 99.999  0.000  0.000  0.000  0.000  0.000  0.000  0.000  0.000  0.000  0.000  0.000      0
  .      .      .      .      .      .      .      .      .      .      .      .      .      .      .      .      .      .      .      .      .      .    99.999   .      .      .      .      .      .      .      .      .      .      .         .
 0.000  0.000  0.000  0.000  0.000  0.000  0.000  0.000  0.000  0.000  0.000  0.000  0.000  0.000  0.000  0.000  0.000  0.000  0.000  0.000  0.000  0.000 99.999  0.000  0.000  0.000  0.000  0.000  0.000  0.000  0.000  0.000  0.000  0.000      0
 0.004  0.004  0.012  0.819  0.577  0.473  0.061  0.067  0.093  0.003  0.601  0.227  0.046  0.000  0.019  0.083  0.461  0.571  0.230  0.082  0.200  0.136 99.999  3.692  0.505  0.006  0.085  0.072  0.109  0.133  0.000  1.469  0.202  0.618      0
