1945  951039
1946  590815
1947  523859
1948  670358
1949  1336439
1950  443072
1951  511968
1952  1917511
1953  458529
1954  672331
1955  472300
1956  385281
1957  796399
1958  1264362
1959  754739
1960  1228072
1961  338660
1962  1116303
1963  638537
1964  516690
1965  1946168
1966  1320325
1967  722442
1968  1472142
1969  1056415
1970  523470
1971  723152
1972  1039309
1973  2789445
1974  501477
1975  891267
1976  768536
1977  358520
1978  2345387
1979  2455186
1980  2373840
1981  514374
1982  1582558
1983  2795024
1984  1128837
1985  1734222
1986  1022670
1987  1077078
1988  1146754
1989  572011
1990  449332
1991  1465620
1992  1677566
1993  3293026
1994  774381
1995  1566994
1996  383222
1997  641814
1998  1320040
1999  489614
2000  403440
2001  685486
2002  269094
2003  728154
2004  486323
2005  1916388
2006  560384
2007  543973
2008  1662924
2009  630631
2010  1537317
