2011 977628
2012 743752
2013 934596
2014 1263671
2015 1586859
2016 1553115
2017 726606
2018 778315
2019 1931076
2020 564231
2021 652644
2022 913868
2023 2705633
2024 1789300
2025 585555
2026 1572583
2027 1631601
2028 1784861
2029 1684862
2030 493323
2031 565053
2032 654366
2033 813222
2034 1051607
2035 828196
2036 1630417
2037 764107
2038 1738776
2039 644388
2040 1979510
2041 663840
2042 705531
2043 1702225
2044 1949593
2045 709588
2046 548579
2047 1339060
2048 1855219
2049 633142
2050 2472151
2051 1740240
2052 1247602
2053 756936
2054 1268874
2055 1495090
2056 1472691
2057 1001196
2058 1043298
2059 570780
2060 540452
2061 792205
2062 1686213
2063 931089
2064 1581804
2065 680239
2066 740514
2067 1055629
2068 606814
2069 560004
2070 771180
2071 987125
2072 734623
2073 587889
2074 1871545
2075 1328367
2076 920008
2077 590134
2078 970910
2079 1590247
2080 671246
2081 600000
2082 600000
2083 600000
2084 600000
2985 600000