1330   2297252
1331   2280174
1332   1919362
1333   1211745
1334    756819
1335    487858
1336   2434294
1337   1819319
1338    563295
1339    848682
1340    822252
1341    977628
1342    743752
1343    934596
1344   1263671
1345   1586859
1346   1553115
1347    726606
1348    778315
1349   1931076
1350    564231
1351    652644
1352    913868
1353   2705633
1354   1789300
1355    585555
1356   1572583
1357   1631601
1358   1784861
1359   1684862
1360    493323
1361    565053
1362    654366
1363    813222
1364   1051607
1365    828196
1366   1630417
1367    764107
1368   1738776
1369    644388
1370   1979510
1371    663840
1372    705531
1373   1702225
1374   1949593
1375    709588
1376    548579
1377   1339060
1378   1855219
1379    633142
1380   2472151
1381   1740240
1382   1247602
1383    756936
1384   1268874
1385   1495090
1386   1472691
1387   1001196
1388   1043298
1389    570780
1390    540452
1391    792205
1392   1686213
1393    931089
1394   1581804
1395    680239
1396    740514
1397   1055629
1398    606814
1399    560004
1400    771180
1401    987125
1402    734623
1403    587889
1404   1871545
1405   1328367
1406    920008
1407    590134
1408    970910
1409   1590247
1410    671246
1411    597152
1412   1635172
1413    572046
1414   2021266
1415    630133
1416    854450
1417   1459221
1418    791846
1419   1169750
1420   1535621
1421    517144
1422   1255066
1423    567172
1424   1541089
1425    643396
1426   1395019
1427   2000686
1428   2050132
1429    605522
1430    853488
1431   1287103
1432   1067621
1433   1670993
1434   1182368
1435    597248
1436    909067
1437    745133
1438    595862
1439    847386
1440   1323420
1441   1780615
1442    672239
1443    744077
1444   1023642
1445    717373
1446    544771
1447   1032287
1448    833470
1449    617590
1450    556885
1451   2315188
1452   1596563
1453   2269836
1454    740875
1455    360716
1456   1173148
1457    627893
1458   2332175
1459    659988
1460    556270
1461    890692
1462   2489778
1463    709592
1464    383795
1465   1071302
1466   3114860
1467   2919062
1468   1182297
1469   1081380
1470    698479
1471    426554
1472    632211
1473    883214
1474   1229424
1475    969486
1476   1284564
1477   1775807
1478   1131676
1479    606102
1480    656814
1481   1167936
1482   1930563
1483    825501
1484   2779648
1485   1016508
1486   1215170
1487    520744
1488   1143671
1489   1501790
1490   1577154
1491   2466287
1492   1054716
1493    826342
1494    862918
1495    359453
1496   1347111
1497   1298866
1498   2000320
1499    861683
1500    386182
1501   1072960
1502   1264180
1503   1239086
1504   1344084
1505    731038
1506    539114
1507   1960171
1508   1403716
1509   2836386
1510    549926
1511   2032785
1512   1327220
1513   1735764
1514   1325909
1515    726004
1516    589223
1517    581066
1518   1282292
1519   1903898
1520   1170839
1521    619405
1522    417881
1523   1165501
1524   1043546
1525    969020
1526   2316605
1527    667844
1528    754913
1529    849195
1530   1519209
1531    927045
1532    397246
1533   1111904
1534   1381988
1535   1290900
1536   1976259
1537   1594930
1538    378869
1539   1369346
1540   1727207
1541   1070366
1542    340170
1543   1571513
1544    633498
1545    909218
1546   1640562
1547    638003
1548    890397
1549   2198912
1550   1823470
1551    851328
1552   1123390
1553   1370346
1554    672044
1555   1712248
1556   1891489
1557   1303482
1558    810109
1559    825576
1560   1178958
1561    580629
1562   1053226
1563   1229852
1564   2615182
1565   2152771
1566    782103
1567    860627
1568   1573122
1569   1273438
1570   1250948
1571    531888
1572    884045
1573    496134
1574    651555
1575   1139839
1576    742539
1577   1533002
1578    955149
1579    511326
1580    567782
1581   1295202
1582    616732
1583    461309
1584    467016
1585    491530
1586   2275601
1587   1255790
1588   1452790
1589    866979
1590    399849
1591    886733
1592    554018
1593    825921
1594   3785513
1595   1200798
1596   1258467
1597    613538
1598    643363
1599   1795812
1600    407946
1601    630066
1602   1605384
1603   1214241
1604   1709218
1605   1531615
1606   1149343
1607    721418
1608   1204322
1609   2048576
1610   2054092
1611   1107070
1612    678227
1613    629187
1614    992827
1615   1593144
1616   1368460
1617   1448059
1618   2230817
1619    962963
1620   1905234
1621   2821532
1622    742444
1623    375494
1624    547246
1625   1311668
1626    537629
1627   2384807
1628    802316
1629   1441447
1630   1235203
1631    854418
1632    478185
1633   1971579
1634   1877017
1635   1574607
1636    784144
1637    532714
1638    890581
1639   1784307
1640   2780183
1641   1688070
1642   1357392
1643   1117869
1644   1635645
1645    763349
1646   1309729
1647   1592578
1648    457625
1649   2260239
1650   1817248
1651   2703336
1652    738633
1653   1063768
1654    363453
1655   1768136
1656   1435016
1657    763996
1658    674402
1659   1170192
1660   1915537
1661   1496637
1662    664371
1663    846653
1664    642709
1665   1203647
1666    612865
1667    553788
1668    518887
1669    729137
1670    424090
1671   1366235
1672   1254417
1673   1329431
1674   1237619
1675    762929
1676    520147
1677   1718916
1678   1147133
1679    642689
1680   2769977
1681   2382803
1682   1354860
1683   2114476
1684    449385
1685    351894
1686   1175878
1687   2804165
1688   1354333
1689   1725734
1690   1336536
1691   1056847
1692   1901644
1693   1648926
1694    603819
1695   1398841
1696    542688
1697    830516
1698    942201
1699   1294671
1700    606822
1701   2536545
1702    628546
1703    591616
1704    911373
1705   1484538
1706   1128209
1707    673052
1708    824027
1709    975664
1710   1945313
1711    873989
1712   1211949
1713    917375
1714   1008879
1715    740445
1716    590686
1717   1209855
1718   2022302
1719   1448455
1720   2990243
1721    858597
1722    525188
1723   1586820
1724    565234
1725   2143865
1726   2739281
1727    914954
1728    326419
1729    409105
1730   1088091
1731   1243815
1732   1479229
1733    497757
1734   1053388
1735    374990
1736   1235584
1737    652785
1738   1284140
1739    643374
1740    584937
1741   1496369
1742    725647
1743   2043239
1744    954736
1745   2758123
1746   3022781
1747   3015401
1748    326806
1749   3172383
1750    596341
1751    809382
1752    512741
1753    619341
1754   1232051
1755    635096
1756   1242196
1757    702739
1758   1817999
1759   1521848
1760   1437586
1761    589112
1762   1682845
1763    577295
1764   2764156
1765    570873
1766   2838106
1767    858805
1768   1686329
1769   1012929
1770    783913
1771   1801113
1772    871849
1773    347462
1774   1244708
1775   1279063
1776    929111
1777    580763
1778    523161
1779   1075735
1780    580520
1781   1154514
1782    598222
1783   1380377
1784   3001542
1785    578111
1786    751623
1787   2211444
1788    530854
1789    666337
1790    579435
1791   2449031
1792   1611878
1793   2661621
1794    597496
1795   1549473
1796    811412
1797    891026
1798    962551
1799   1419688
1800    728860
1801    602812
1802   1458821
1803    585534
1804   1618996
1805    587427
1806    605496
1807   2125631
1808    843022
1809   1353616
1810    575026
1811   1286239
1812    925434
1813    421389
1814   1361193
1815   1520462
1816   2969169
1817    932416
1818    307813
1819    524628
1820    529185
1821   2105395
1822    415984
1823    742678
1824   1279626
1825   1640947
1826   1446285
1827    757437
1828   2993820
1829    503850
1830   1483990
1831   1291699
1832    990094
1833   2861939
1834    968959
1835   1723615
1836    970536
1837   2532427
1838   2695460
1839   2848698
1840   1767603
1841    689037
1842    507846
1843    880429
1844   2399459
1845    506857
1846   1878718
1847    360429
1848   2373777
1849   4299047
1850   1835664
1851    441837
1852   2317055
1853   1075996
1854    767269
1855   1508208
1856   1701495
1857    531784
1858   1403848
1859    618221
1860    768349
1861    420920
1862   3516889
1863    776800
1864    534258
1865   1971905
1866   2906150
1867   1912641
1868   2574758
1869   1495903
1870    543961
1871    498563
1872    580382
1873    676744
1874   1812566
1875    883671
1876    726525
1877   1565741
1878   1164648
1879    609144
1880    588120
1881    614138
1882    907458
1883    865644
1884   1979523
1885   1576646
1886    863966
1887    523192
1888   1811603
1889   1440765
1890   1788275
1891   1463277
1892   1198624
1893    499332
1894    502335
1895   1485997
1896    471546
1897   2009497
1898   1161815
1899    390049
1900    598527
1901    927037
1902    444810
1903   1591928
1904    426411
1905   2864874
1906   1679910
1907   2199836
1908   1338325
1909   1186763
1910   1095975
1911   1605085
1912   1794679
1913   1037971
1914   1983313
1915   2619952
1916   1993274
1917   1454122
1918    565590
1919   2118736
1920   2959576
1921    619098
1922   1496302
1923   1024762
1924   1340867
1925    614444
1926   1810802
1927   1347784
1928    822544
1929    752875
1930    873505
1931   1052252
1932   2308787
1933    860621
1934    582304
1935   1660714
1936    607004
1937   1954419
1938   1108836
1939    648389
1940    718894
1941   3188740
1942   1377641
1943    670774
1944   1058693
1945    873260
1946    494813
1947    728268
1948   1659561
1949   1777951
1950    545433
1951    400176
1952   2520200
1953    581920
1954    583093
1955    630904
1956    528641
1957   1432495
1958   1030366
1959    454743
1960   1473860
1961    715278
1962    988462
1963    665549
1964    636311
1965   2299082
1966   1118922
1967    598005
1968   1150268
1969   1234013
1970    826623
1971    477687
1972   1058853
1973   2177273
1974    685877
1975   1810372
1976    775585
1977    447244
1978   2359282
1979   2683963
1980   1622862
1981    770568
1982   1753391
1983   2601411
1984   1010596
1985   2606806
1986   2040536
1987   1433133
1988   2116915
1989    619678
1990    485195
1991   1650994
1992   2571711
1993   1406697
1994    710828
1995   1666000
1996    266114
1997   1515788
1998   1527229
1999    821665
2000    384468
2001   1611479
2002    247869
2003   1176828
2004    615657
2005   2203969