65.3 20.3  0.0  0.0  0.0  7.1  0.0  8.9  0.0  0.0  7.3  0.0  3.0  0.0  0.2 23.6 14.1 20.6 14.6  0.0  5.2  0.0  0.0  0.6  3.4 24.3 33.6  0.0  0.0  0.0  0.0  0.0 16.9  0.4  0.0
 0.1  1.3  2.2  5.1  2.6  2.1  0.1  0.3  0.4  0.2  9.2  2.9  1.1  0.2  0.1  7.4  5.2  7.6  1.8  3.5  7.7  0.0  0.0  2.8  7.3  1.0  3.1  0.1  4.0  2.8  0.2 15.1 29.9 16.4  0.0
 0.0  1.7  0.7  0.0  0.0  0.4  0.0  0.6  0.0  0.0  1.2  0.0  0.6  0.0  0.0  0.0  1.6  0.5  0.4  0.6  1.6  0.0  0.0  1.0  1.0  0.0  0.0  0.0  0.0  0.5  0.0  2.8  2.4  0.9  0.0
 0.9  0.9 10.3 21.2 21.8  2.4 41.3  0.4  5.6  2.3 12.1  9.5  1.9  0.9  2.0  7.5 10.5  7.7  2.4 10.3 10.8  0.0  0.0  3.5  7.7  3.0  0.2 18.1  5.6  9.5  1.4 13.8  5.8  4.8  1.7
 0.0  0.0  0.0  0.0  0.0  0.0  0.0  0.0  0.0  0.0  0.6  0.0  0.0  0.0  0.0  0.0  0.1  0.0  0.0  0.0  1.1  0.0  0.0  0.0  0.7  0.0  0.0  0.0  0.0  0.3  0.0  3.1  0.0  0.0  0.0
 1.0  1.6  7.8 11.8 11.0  2.9  1.6  0.5  5.0  3.1 14.6 11.3  1.6  0.1  1.6  7.4 10.2 11.4  1.9  4.8 16.1  0.0  0.0  4.4 11.8  1.3  0.3  0.4  3.8  6.0  0.8 24.6 16.0  4.1  4.6
 0.0  0.2  0.0  0.0  0.0  0.3  0.0  0.3  1.3  0.4  0.0  0.0  1.1  0.0  1.2  0.0  0.0  0.3  0.5  0.0  0.0  0.0  0.0  0.4  0.5  0.0  0.0  6.0  0.0  0.1  0.7  0.0  0.0  0.1  7.9
11.1 29.5 69.4 52.3 56.7  7.2 54.7  1.3  0.0  0.0 39.3 35.0  6.7  0.0  0.0 21.1 39.8 27.9  5.8 42.5 25.5  0.0  0.0  9.5 26.0 20.0 32.3  0.0 79.1 20.5 76.7 29.7  9.9 30.7  0.0
21.7 44.5  9.6  9.1  7.5 77.2  2.3 86.3 46.9 74.4 15.4 41.2 81.2 73.9 40.1 33.0 18.2 23.6 70.5 38.3 31.7  0.0  0.0 74.1 38.8 50.1 30.4 52.2  7.5 49.9 20.2  5.7 19.0 42.2 70.7
 0.0  0.0  0.0  0.0  0.0  0.0  0.0  0.0  0.0  0.0  0.0  0.0  0.0  0.0  0.0  0.0  0.0  0.0  0.0  0.0  0.0  0.0  0.0  0.0  0.0  0.0  0.0  0.0  0.0  0.0  0.0  0.0  0.0  0.0  0.0
 0.0  0.0  0.0  0.0  0.1  0.0  0.0  0.9  0.7  0.1  0.0  0.0  0.1  0.0  0.0  0.0  0.0  0.0  0.0  0.0  0.3  0.0  0.0  0.1  1.2  0.2  0.0  0.1  0.0  0.1  0.0  4.7  0.0  0.0  0.0
 0.0  0.0  0.0  0.6  0.3  0.4  0.0  0.1  0.1  0.0  0.3  0.2  0.0  0.0  0.0  0.0  0.3  0.4  0.2  0.0  0.1  0.0  0.0  3.6  0.3  0.0  0.0  0.0  0.0  0.1  0.0  0.4  0.1  0.4  0.0
 0.0  0.0  0.0  0.0  0.0  0.0  0.0  0.4 40.0 19.5  0.0  0.0  2.7 24.9 54.8  0.0  0.0  0.0  1.8  0.0  0.0  0.0  0.0  0.0  1.3  0.0  0.0 23.1  0.0 10.2  0.0  0.0  0.0  0.0 15.1
