51.838 18.814  0.000  0.000  0.000  6.333  0.000  7.908  0.000  0.000  6.206  0.000  2.660  0.006  0.148 21.091 11.913 17.405 13.322  0.000  4.516  3.054 99.999  0.471  2.926 21.618 27.439  0.035  0.000  0.000  0.000  0.000 14.847  0.325      0
2.096   3.358 18.525 23.665 20.830  4.734 20.531  0.741  4.888  2.185 22.518  9.046  3.400  2.701 10.226 14.015 17.567 15.821  4.178 17.490 16.531  4.078 99.999  5.610 16.194  5.261  4.331  6.878 20.648  9.618  8.757 26.789 35.440 22.857      1
0.000   0.580  0.272  0.000  0.000  0.186  0.000  0.291  0.000  0.000  0.476  0.000  0.296  0.000  0.000  0.000  0.658  0.210  0.239  0.217  0.664  0.436 99.999  0.457  0.446  0.000  0.000  0.000  0.000  0.244  0.000  1.075  0.948  0.342      0
2.165   2.081 21.732 30.871 34.132  3.250 39.779  0.442  6.612  2.175 18.932 10.888  3.264  2.730  6.808  8.527 18.456 10.863  3.947 17.931 12.099  6.659 99.999  4.160  8.632  6.734  0.467 32.396 11.907 12.161  4.984 18.702  6.374  9.448      1
0.000   0.000  0.000  0.000  0.000  0.000  0.000  0.000  0.000  0.000  0.000  0.000  0.000  0.000  0.000  0.000  0.000  0.000  0.000  0.000  0.000  0.000 99.999  0.000  0.000  0.000  0.000  0.000  0.000  0.000  0.000  0.000  0.000  0.000      0
0.000   1.305  0.000  0.447  0.944  0.332  0.000  0.325  0.000  0.000  1.770  0.000  0.609  0.000  0.000  0.986  0.670  1.088  0.431  0.000  1.873  0.594 99.999  0.815  1.473  0.000  2.959  0.000  0.000  0.278  0.000  3.167  3.132  0.000      5
0.000   0.164  0.000  0.000  0.017  0.316  0.000  0.399  1.487  0.457  0.023  0.000  1.273  0.000  1.395  0.016  0.002  0.255  0.574  0.001  0.002  0.986 99.999  0.469  0.555  0.000  0.000  6.008  0.000  0.143  0.777  0.000  0.000  0.097      9
11.163 27.228 42.334 26.343 27.205  4.109 34.759  1.152 33.848 16.835 20.767 26.896  5.821 20.819 39.569 16.527 21.811 18.958  3.706 21.394 17.616  6.002 99.999  6.209 19.064 12.586 29.350  1.070 56.621 21.618 69.039 19.008  4.969 19.805     13
31.879 45.826  9.913  7.644  6.386 77.824  2.766 87.355 47.852 75.407 16.076 43.095 81.472 73.681 40.553 32.753 19.099 25.181 71.713 38.472 32.192 76.481 99.999 74.360 39.301 52.378 34.478 53.112  7.537 50.365 15.660  5.105 21.200 42.757     71
0.855   0.639  7.212 10.211  9.849  2.444  2.104  0.361  4.391  2.797 12.631  9.839  1.052  0.063  1.282  6.009  9.363  9.652  1.593  4.414 14.053  1.048 99.999  3.626  9.859  1.184  0.890  0.350  3.178  5.293  0.783 21.104 12.889  3.752      1
0.000   0.000  0.000  0.000  0.000  0.000  0.000  0.000  0.000  0.000  0.000  0.000  0.000  0.000  0.000  0.000  0.000  0.000  0.000  0.000  0.000  0.000  99.999 0.000  0.000  0.000  0.000  0.000  0.000  0.000  0.000  0.000  0.000  0.000      0
0.000   0.000  0.000  0.000  0.061  0.000  0.000  0.961  0.829  0.141  0.000  0.007  0.106  0.000  0.000  0.000  0.000  0.000  0.067  0.000  0.307  0.559 99.999  0.148  1.173  0.237  0.000  0.080  0.000  0.147  0.000  4.348  0.000  0.000      0
0.004   0.004  0.012  0.819  0.577  0.473  0.061  0.065  0.093  0.003  0.600  0.227  0.046  0.000  0.019  0.077  0.460  0.567  0.230  0.082  0.145  0.102 99.999  3.675  0.377  0.001  0.085  0.073  0.109  0.133  0.000  0.701  0.202  0.618      0