0.0000 0.000 0.00 0.00 0.00 0     53.8
0.0000 0.000 0.00 0.00 0.00 0     55
0.0000 0.000 0.00 0.00 0.00 0     53.7
0.0000 0.000 0.00 0.00 0.00 0     53.4
0.0000 0.000 0.00 0.00 0.00 0     53.6
0.0000 0.000 1.00 1.00 0.00 18814 53.2
0.0000 0.000 0.00 0.00 0.00 0     53.8
0.3299 0.000 0.52 0.05 0.00 25    67.8
1.0000 0.000 0.00 0.00 0.00 0     74.9
0.0000 0.000 0.00 0.00 0.00 0     74.9
0.0000 0.000 1.00 0.54 0.00 0     53.3
1.0000 0.000 1.00 0.00 0.00 0     53.6
0.8299 0.000 1.00 0.16 0.00 10249 59.8
0.0000 0.000 0.00 0.00 0.00 0     74.9
0.0000 0.000 0.00 0.00 0.00 0     74.9
0.0000 0.000 0.96 0.96 0.00 508   53.2
0.5000 0.000 1.00 1.00 0.00 0     53.6
0.0000 0.000 0.91 0.49 0.17 145   53.2
0.0000 0.000 0.45 0.45 0.00 3531  57.2
1.0000 0.000 1.00 0.00 0.00 0     53.6
0.0100 0.000 0.71 0.00 0.14 376   53
0.0000 0.000 0.00 0.00 0.00 0      0
0.0000 0.000 0.00 0.00 0.00 0      0
0.0300 0.000 0.56 0.38 0.00 0     54.7
0.0100 0.000 0.81 0.04 0.36 2017  54.2
0.0000 0.000 0.00 0.00 0.00 0     53.7
0.0000 0.000 0.00 0.00 0.00 0     53.6
1.0000 0.000 1.00 0.00 0.00 0     74.9
0.0000 0.000 0.00 0.00 0.00 0     53.8
0.1599 1.000 0.61 0.18 0.19 3963  66.2
0.0000 0.000 0.00 0.00 0.00 0     53.8
0.0600 0.000 1.00 0.16 0.55 5     52.6
0.0000 0.000 0.00 0.00 0.00 0     48.7
0.0000 0.000 0.00 0.00 0.00 0     52.5
0.0000 0.000 0.00 0.00 0.00 0     74.9