61.897 20.003  0.000  0.000  0.000  6.938  0.000  8.730  0.000  0.000  7.070  0.000  2.899  0.015  0.151 23.103 13.561 20.058 14.392  0.000  5.080  3.404 99.999  0.569  3.281 23.840 33.189  0.068  0.000  0.000  0.000  0.000 16.159  0.344      0
 0.097  1.334  2.356  5.263  2.834  2.127  0.073  0.317  0.524  0.165  9.020  2.815  1.149  0.258  0.158  7.457  5.187  7.436  1.830  4.211  7.430  0.961 99.999  2.723  6.918  1.029  3.225  0.077  4.803  2.696  0.350 13.872 28.619 16.306      0
 0.000  1.577  0.629  0.000  0.000  0.370  0.000  0.612  0.000  0.000  1.017  0.000  0.593  0.000  0.000  0.000  1.456  0.463  0.420  0.551  1.406  0.855 99.999  0.962  0.897  0.000  0.000  0.000  0.000  0.476  0.000  2.447  2.066  0.879      0
 1.845  1.923 13.463 26.453 26.150  3.442 40.907  0.593  8.004  3.832 17.437 13.591  2.737  1.401  3.430 10.526 14.345 11.880  3.081 13.143 15.674  4.125 99.999  5.150 11.550  3.890  0.546 18.605  8.641 11.411  2.504 20.798 10.316  7.491      4
 0.000  0.000  0.000  0.000  0.000  0.000  0.000  0.000  0.000  0.000  0.499  0.000  0.000  0.000  0.000  0.000  0.070  0.000  0.000  0.000  0.963  0.089 99.999  0.000  0.605  0.000  0.000  0.000  0.000  0.260  0.000  2.720  0.000  0.000      0
 0.842  1.337  6.952 10.475  9.947  2.549  2.104  0.469  4.391  2.797 12.817  9.842  1.327  0.063  1.282  6.643  8.968  9.948  1.671  4.329 14.216  1.394 99.999  3.869 10.388  1.180  0.230  0.350  3.178  5.309  0.786 21.524 14.304  3.660      4
 0.000  0.164  0.000  0.000  0.017  0.314  0.000  0.397  1.477  0.450  0.021  0.000  1.258  0.000  1.374  0.014  0.002  0.255  0.575  0.001  0.002  0.970 99.999  0.457  0.548  0.000  0.000  6.006  0.000  0.143  0.752  0.000  0.000  0.097      9
11.124 29.412 67.005 48.314 53.225  6.742 54.099  1.663 38.337 18.904 36.571 33.089  9.054 24.616 53.770 19.385 37.939 25.945  7.404 40.199 23.563 12.254 99.999  8.982 25.946 19.662 31.495 22.014 75.978 29.797 75.408 27.766  9.379 29.463     15
24.192 44.246  9.592  8.884  7.391 77.108  2.817 86.201 46.350 73.713 15.184 40.500 80.840 73.648 39.831 32.809 18.182 23.619 70.359 37.555 31.263 75.305 99.999 73.524 38.416 50.160 31.244 52.728  7.333 49.687 20.201  5.856 19.057 41.261     70
 0.000  0.000  0.000  0.000  0.000  0.000  0.000  0.000  0.000  0.000  0.000  0.000  0.000  0.000  0.000  0.000  0.000  0.000  0.000  0.000  0.000  0.000 99.999  0.000  0.000  0.000  0.000  0.000  0.000  0.000  0.000  0.000  0.000  0.000      0
 0.000  0.000  0.000  0.000  0.000  0.000  0.000  0.000  0.000  0.000  0.000  0.000  0.000  0.000  0.000  0.000  0.000  0.000  0.000  0.000  0.000  0.000  99.999 0.000  0.000  0.000  0.000  0.000  0.000  0.000  0.000  0.000  0.000  0.000      0
 0.000  0.000  0.000  0.000  0.061  0.000  0.000  0.957  0.826  0.140  0.000  0.007  0.106  0.000  0.000  0.000  0.000  0.000  0.067  0.000  0.342  0.565 99.999  0.141  1.184  0.237  0.000  0.080  0.000  0.146  0.000  4.563  0.000  0.000      0
 0.004  0.004  0.002  0.611  0.376  0.410  0.000  0.059  0.090  0.000  0.363  0.156  0.037  0.000  0.004  0.064  0.290  0.398  0.202  0.012  0.061  0.077 99.999  3.622  0.267  0.001  0.071  0.073  0.068  0.075  0.000  0.454  0.101  0.500      0
