64.9 23.4  0.0  0.0  0.0  9.7  0.0 13.9  0.0  0.0 13.9  0.1  5.2  1.6  0.0 26.7 22.7 24.3 33.8 13.9  6.5  0.0  0.0  1.3  4.8 34.3 42.3  1.2  0.4  0.0  0.0  0.2 20.9  0.9  0.0
 0.1  1.3  1.2  4.1  1.5  1.3  0.0  0.3  0.2  0.1  5.7  1.6  0.7  0.1  0.1  5.2  2.6  5.4  1.1  1.9  7.2  0.0  0.0  1.9  5.4  0.7  2.8  0.1  0.6  2.2  0.1 13.0 23.9 14.3  0.0
 0.0  0.0  0.0  0.0  0.0  0.0  0.0  0.0  0.0  0.0  0.0  0.0  0.1  0.0  0.0  0.0  0.0  0.0  0.0  0.0  0.1  0.0  0.0  0.2  0.1  0.0  0.0  0.0  0.0  0.1  0.0  0.0  0.0  0.0  0.0
 1.0  0.8  6.9 14.7 16.5  1.9 21.4  0.2  3.5  0.9  7.2  5.5  1.4  0.8  1.6  4.0  6.9  4.0  1.9  8.4  5.3  0.0  0.0  1.7  3.4  2.6  0.4 17.9  4.1  5.5  1.1  7.3  3.1  2.9  0.5
 0.0  0.0  0.0  0.0  0.0  0.0  0.0  0.0  0.0  0.0  0.0  0.0  0.0  0.0  0.0  0.0  0.0  0.0  0.0  0.0  0.0  0.0  0.0  0.0  0.0  0.0  0.0  0.0  0.0  0.0  0.0  0.0  0.0  0.0  0.0
 0.6  1.3  8.5 11.2 10.4  3.9  1.4  0.5  4.1  2.4 19.5 11.2  1.7  0.1  1.1  8.7 13.3 14.0  2.7  6.4 17.8  0.0  0.0  5.0 15.4  1.7  0.3  0.2  6.6  6.8  0.5 33.9 29.0  6.5  3.5
 0.0  0.2  0.0  0.0  0.0  0.3  0.0  0.3  1.4  0.4  0.0  0.0  1.1  0.0  1.2  0.0  0.0  0.3  0.5  0.0  0.0  0.0  0.0  0.4  0.5  0.0  0.0  5.9  0.0  0.1  0.6  0.0  0.0  0.1  7.9
19.2 29.4 73.5 61.6 63.8  8.6 75.0  0.1  0.0  0.0 45.5 38.3  7.2  0.0  0.0 28.5 46.7 34.3  6.2 44.4 31.9  0.0  0.0 10.5 30.0 21.7 35.6  0.0 81.2 15.0 82.9 36.9 10.8 32.2  0.0
14.2 41.7  9.9  7.6  7.2 73.9  2.2 82.8 48.4 75.8  7.7 43.2 79.7 72.3 40.6 26.7  7.3 17.1 51.8 24.8 30.9  0.0  0.0 74.5 38.5 39.1 18.4 51.5  7.3 50.5 14.7  7.2 12.2 42.5 73.2
 0.0  0.0  0.0  0.0  0.0  0.0  0.0  0.0  0.0  0.0  0.0  0.0  0.0  0.0  0.0  0.0  0.0  0.0  0.0  0.0  0.0  0.0  0.0  0.0  0.0  0.0  0.0  0.0  0.0  0.0  0.0  0.0  0.0  0.0  0.0
 0.0  0.0  0.0  0.0  0.0  0.0  0.0  0.0  0.0  0.0  0.0  0.0  0.0  0.0  0.0  0.0  0.0  0.0  0.0  0.0  0.0  0.0  0.0  0.0  0.0  0.0  0.0  0.0  0.0  0.0  0.0  0.0  0.0  0.0  0.0
 0.0  0.0  0.0  0.8  0.5  0.4  0.0  0.1  0.1  0.0  0.5  0.2  0.0  0.0  0.0  0.1  0.5  0.5  0.2  0.0  0.2  0.0  0.0  3.7  0.5  0.0  0.1  0.0  0.0  0.1  0.0  1.5  0.2  0.6  0.0
 0.0  1.8  0.0  0.0  0.0  0.0  0.0  1.9 42.4 20.5  0.0  0.0  2.8 25.1 55.3  0.0  0.0  0.0  1.9  0.0  0.1  0.0  0.0  0.7  1.4  0.0  0.0 23.2  0.0 19.7  0.0  0.0  0.0  0.0 14.8
