2000 3636.00 15.7290020
2001 3636.00 15.7290020
2002 3636.00 15.7290020
2003 3636.00 15.7290020
2004 3636.00 15.7290020
2005 3636.00 15.7290020
2006 3636.00 15.7290020
2007 3636.00 15.7290020
2008 3636.00 15.7290020
2009 3639.00 15.8807950
2010 3642.00 16.4302940
2011 3643.00 16.4819240
2012 3645.00 16.5831910
2013 3646.00 17.0424280
2014 3648.00 17.2176680
2015 3649.00 17.0845520
2016 3651.00 17.6414460
2017 3652.00 17.4660000
2018 3654.00 17.7098620
2019 3655.00 17.7967880
2020 3657.00 18.1004180
2021 3659.00 18.2868000
2022 3660.00 18.4890820
2023 3662.00 18.8356440
2024 3663.00 19.1449340
2025 3664.00 19.1090920
2026 3666.40 19.3876551
2027 3667.90 19.6002138
2028 3669.50 19.8151030
2029 3671.10 20.0323482
2030 3672.60 20.2519751
2031 3674.20 20.4740099
2032 3675.80 20.6984791
2033 3677.40 20.9254092
2034 3678.90 21.1548273
2035 3680.50 21.3867607
2036 3682.10 21.6212369
2037 3683.70 21.8582838