0.0000 0.000 0.00 0.00 0.00 0     72
0.0000 0.000 0.00 0.00 0.00 0     42
0.0000 0.000 0.00 0.00 0.00 0     91
0.0000 0.000 0.00 0.00 0.00 0     65
0.0000 0.000 0.00 0.00 0.00 0     52
0.0000 0.000 1.00 1.00 0.00 18814 39
0.0000 0.000 0.00 0.00 0.00 0     88
0.3299 0.000 0.52 0.05 0.00 25    61
1.0000 0.000 0.00 0.00 0.00 0     76
0.0000 0.000 0.00 0.00 0.00 0     69
0.0000 0.000 1.00 0.54 0.00 0     60
1.0000 0.000 1.00 0.00 0.00 0     64
0.8299 0.000 1.00 0.16 0.00 10249 43
0.0000 0.000 0.00 0.00 0.00 0     38
0.0000 0.000 0.00 0.00 0.00 0     40
0.0000 0.000 0.96 0.96 0.00 508   43
0.5000 0.000 1.00 1.00 0.00 0     58
0.0000 0.000 0.91 0.49 0.17 145   50
0.0000 0.000 0.45 0.45 0.00 3531  49
1.0000 0.000 1.00 0.00 0.00 0     71
0.0200 0.000 0.71 0.00 0.14 376   52
0.0000 0.000 0.00 0.00 0.00 0      0
0.0000 0.000 0.00 0.00 0.00 0      0
0.0300 0.000 0.56 0.38 0.00 0     47
0.0200 0.000 0.81 0.04 0.36 2017  55
0.0000 0.000 0.00 0.00 0.00 0     65
0.0000 0.000 0.00 0.00 0.00 0     51
1.0000 0.000 1.00 0.00 0.00 0     93
0.0000 0.000 0.00 0.00 0.00 0     52
0.1599 1.000 0.61 0.18 0.19 3963  71
0.0000 0.000 0.00 0.00 0.00 0     59
0.0600 0.000 1.00 0.16 0.55 5     70
0.0000 0.000 0.00 0.00 0.00 0     73
0.0000 0.000 0.00 0.00 0.00 0     34
0.0000 0.000 0.00 0.00 0.00 0     51
