45.055 18.814  0.000  0.000  0.000  0.738  0.000 37.850  0.000  0.000 28.234  0.000 12.681 73.687  0.000  0.000 11.756  8.385 21.196  0.000  4.081 12.466 99.999  0.313  0.646 41.736  0.000  0.000  0.000  0.000  0.000  0.000  9.364  0.000      0
 0.097  1.047 13.259  0.000  0.000  0.736  0.000  0.324  0.000  0.000  0.000  0.000  0.000  0.258  0.000  0.000  0.000 30.322  1.535  0.000  0.000  0.051 99.999  5.242 24.251  0.000  0.000  0.000  0.000  3.391  0.000  0.040 20.422  0.000      0
 0.000  0.909  0.807  0.000  0.000  0.416  0.000  0.329  0.000  0.000  1.227  0.000  0.334  0.000  0.000  0.000  1.545  0.481  0.329  0.318  1.383  0.475 99.999  0.510  0.867  0.000  0.000  0.000  0.000  0.479  0.000  2.858  1.883  0.567      0
 0.931  0.926 18.203  0.000  0.000  0.145 32.893  0.109  0.000  0.000  0.123  0.000  0.000  1.267  0.000  0.000  2.219  3.010  0.934  0.000 17.789  0.074 99.999  0.441  2.356  0.282  0.000  0.000  0.000  4.466  0.000 14.196  1.554  0.000      0
 0.000  0.000  0.000  0.000  0.000  0.000  0.000  0.000  0.000  0.000  0.000  0.000  0.000  0.000  0.000  0.000  0.000  0.000  0.000  0.000  0.000  0.000 99.999  0.000  0.000  0.000  0.000  0.000  0.000  0.000  0.000  0.000  0.000  0.000      0
 0.017  4.219  3.531  2.141  0.961  0.387  0.005  6.153  0.000  0.000  2.077  0.000  0.625  0.000  0.000  1.138  0.743  2.991  0.451  0.000  2.855  1.677 99.999  0.970  2.639  0.000  3.980  0.000  0.000  1.341  0.000  4.059  3.528  0.077      5
 0.000  0.164  0.000  0.000  0.017  0.316  0.000  0.155  1.487  0.457  0.023  0.000  0.925  0.000  1.395  0.000  0.002  0.255  0.437  0.001  0.002  0.987 99.999  0.469  0.555  0.000  0.000  6.013  0.000  0.143  0.780  0.000  0.000  0.097      9
14.385 15.901 47.818  0.000  0.000  0.698 62.171  1.319  0.000  0.000  5.053  0.000  0.000 24.726  0.000  0.000 14.681  2.942  4.584  0.000 12.017  1.022 99.999  0.000  2.340  4.187  0.000  0.000  0.000  5.351  0.000 16.745  8.021  0.000      0
38.674 57.571  9.770 97.665 98.385 95.684  2.766 52.441 97.591 99.399 58.695 99.766 85.283  0.000 98.585 98.782 65.895 43.541 69.167 99.599 52.665 81.896 99.999 87.165 58.421 52.373 95.935 93.834 99.891 82.336 99.220 46.606 45.644 98.640     86
 0.837  0.445  6.601  0.000  0.000  0.408  2.104  0.170  0.000  0.000  4.206  0.000  0.000  0.063  0.000  0.003  3.040  7.561  1.071  0.000  8.823  0.692 99.999  1.067  6.409  1.184  0.000  0.000  0.000  2.213  0.000 11.039  9.381  0.000      0
  .      .      .      .      .      .      .      .      .      .      .      .      .      .      .      .      .      .      .      .      .      .    99.999   .      .      .      .      .      .      .      .      .      .      .         .
 0.000  0.000  0.000  0.000  0.061  0.000  0.000  1.085  0.829  0.141  0.000  0.007  0.106  0.000  0.000  0.000  0.000  0.000  0.067  0.000  0.307  0.559 99.999  0.149  1.173  0.237  0.000  0.080  0.000  0.147  0.000  4.143  0.000  0.000      0
 0.004  0.004  0.012  0.194  0.577  0.473  0.061  0.065  0.093  0.003  0.361  0.227  0.046  0.000  0.019  0.077  0.119  0.513  0.230  0.082  0.078  0.101 99.999  3.676  0.343  0.001  0.085  0.073  0.109  0.133  0.000  0.313  0.202  0.619      0
