63.867 23.253  0.000  0.000  0.038  9.601  0.000 13.778  0.000  0.000 13.632  0.070  5.223  1.696  0.026 26.633 22.495 24.018 33.554 13.681  6.416  9.156 99.999  1.296  4.787 33.867 42.403  1.177  0.353  0.002  0.000  0.200 20.539  0.935      0
0.067   1.320  1.388  4.390  1.727  1.302  0.000  0.275  0.255  0.119  5.753  1.630  0.760  0.147  0.170  5.300  2.748  5.481  1.164  1.860  7.243  1.012 99.999  1.920  5.532  0.681  2.942  0.096  0.849  2.286  0.148 13.175 23.676 14.026      0
0.000   0.000  0.005  0.000  0.000  0.000  0.000  0.046  0.000  0.000  0.000  0.000  0.118  0.000  0.000  0.000  0.000  0.032  0.000  0.000  0.173  0.261 99.999  0.218  0.101  0.000  0.000  0.000  0.000  0.107  0.000  0.034  0.000  0.000      0
1.477   1.173  7.434 14.560 16.383  1.935 21.515  0.227  3.565  0.979  7.546  5.438  1.476  1.267  2.112  4.169  7.267  4.188  1.987  8.490  5.472  3.213 99.999  1.835  3.587  2.883  0.509 18.184  4.162  5.665  1.282  7.684  3.362  3.447      1
0.000   0.000  0.000  0.000  0.000  0.000  0.000  0.000  0.000  0.000  0.000  0.000  0.000  0.000  0.000  0.000  0.000  0.000  0.000  0.000  0.000  0.000 99.999  0.000  0.000  0.000  0.000  0.000  0.000  0.000  0.000  0.000  0.000  0.000      0
1.118   1.495  9.358 13.667 12.654  4.224  2.226  0.572  4.992  2.907 21.090 12.235  1.996  0.173  1.382  9.994 14.282 15.238  2.871  8.165 18.849  1.682 99.999  5.475 16.034  1.926  0.545  0.350  8.331  7.267  1.025 34.320 29.214  7.449      4
0.000   0.164  0.000  0.000  0.017  0.319  0.000  0.403  1.543  0.457  0.027  0.000  1.286  0.000  1.395  0.030  0.005  0.254  0.579  0.001  0.036  1.023 99.999  0.477  0.579  0.000  0.000  6.008  0.000  0.145  0.777  0.000  0.000  0.097      9
18.357 30.968 71.830 58.941 61.376  8.255 73.432  1.861 41.355 20.068 43.290 37.359  9.725 24.726 54.353 27.195 45.119 32.940  7.821 42.786 30.525 12.639 99.999 10.914 30.517 21.232 34.661 22.069 79.012 33.850 81.061 35.578 10.426 31.078     14
15.110 41.622  9.972  7.624  7.229 73.891  2.766 82.771 48.198 75.466  8.062 43.042 79.370 71.991 40.544 26.595  7.624 17.278 51.794 24.936 31.086 70.878 99.999 74.173 38.357 39.404 18.855 52.044  7.185 50.544 15.707  7.472 12.581 42.349     73
0.000   0.000  0.000  0.000  0.000  0.000  0.000  0.000  0.000  0.000  0.000  0.000  0.000  0.000  0.000  0.000  0.000  0.000  0.000  0.000  0.000  0.000 99.999  0.000  0.000  0.000  0.000  0.000  0.000  0.000  0.000  0.000  0.000  0.000      0
0.000   0.000  0.000  0.000  0.000  0.000  0.000  0.000  0.000  0.000  0.000  0.000  0.000  0.000  0.000  0.000  0.000  0.000  0.000  0.000  0.000  0.000 99.999  0.000  0.000  0.000  0.000  0.000  0.000  0.000  0.000  0.000  0.000  0.000      0
0.000   0.000  0.000  0.000  0.000  0.000  0.000  0.000  0.000  0.000  0.000  0.000  0.000  0.000  0.000  0.000  0.000  0.000  0.000  0.000  0.000  0.000 99.999  0.000  0.000  0.000  0.000  0.000  0.000  0.000  0.000  0.000  0.000  0.000      0
0.004   0.004  0.012  0.818  0.577  0.473  0.061  0.067  0.093  0.003  0.600  0.227  0.046  0.000  0.019  0.083  0.460  0.571  0.230  0.082  0.200  0.136 99.999  3.692  0.506  0.006  0.085  0.073  0.109  0.133  0.000  1.538  0.202  0.619      0
