63.6 14.6  0.0  0.0  0.3  8.0  0.0  7.6  0.0  0.0 11.1  0.1  2.9  1.7  0.0  0.4 22.8 12.9  7.2  0.0  9.2  0.0  0.0  1.6  4.1 34.3 42.4  1.2  0.3  0.0  0.0  0.2 20.9  0.0  0.0
 0.8  2.9 13.7 34.2 25.1  5.2  3.9  0.3  0.2  0.1 27.7 15.1  3.2  0.1  0.1 19.2 17.3 20.0  2.8 18.1 24.8  0.0  0.0  5.7 18.8  3.1  3.0  0.1 16.9  6.7  4.2 30.3 27.0 21.5  0.0
 0.0  0.0  0.0  0.0  0.0  0.0  0.0  0.0  0.0  0.0  0.0  0.0  0.1  0.0  0.0  0.0  0.0  0.0  0.0  0.0  0.1  0.0  0.0  0.2  0.1  0.0  0.0  0.0  0.0  0.1  0.0  0.0  0.0  0.0  0.0
 4.0  3.8 15.3 20.8 26.5  3.1 32.3  0.6  5.3  2.3 11.3 10.3  3.2  5.6  7.9  8.1 12.1  7.1  4.0 13.9  9.3  0.0  0.0  3.4  6.0  7.1  1.0 32.7  7.7  9.6  4.6 10.2  5.6  9.6  3.5
 0.0  0.0  0.0  0.0  0.0  0.0  0.0  0.0  0.0  0.0  0.0  0.0  0.0  0.0  0.0  0.0  0.0  0.0  0.0  0.0  0.0  0.0  0.0  0.0  0.0  0.0  0.0  0.0  0.0  0.0  0.0  0.0  0.0  0.0  0.0
 0.7  1.5  9.2 12.1 11.3  4.1  1.7  0.6  4.1  2.4 20.0 11.7  1.8  0.1  1.1  9.3 13.8 14.5  3.4  7.2 18.2  0.0  0.0  5.1 16.0  1.8  0.3  0.2  7.6  6.9  0.9 34.9 29.1  7.1  3.6
 0.0  0.2  0.0  0.0  0.0  0.3  0.0  0.3  1.4  0.4  0.0  0.0  1.1  0.0  1.3  0.0  0.0  0.3  0.5  0.0  0.0  0.0  0.0  0.4  0.5  0.0  0.0  5.9  0.0  0.1  0.7  0.0  0.0  0.1  8.0
18.4 49.2 55.0 25.1 30.9  5.9 61.5  6.2  0.0  0.0 27.2 22.4  7.4  0.0  0.0 39.0 31.1 32.3 31.7 55.7 15.1  0.0  0.0  6.1 17.3 23.0 35.4  0.0 62.6  9.5 76.5 18.8  6.8 24.2  0.0
12.6 26.0  6.8  7.1  5.4 72.0  0.6 82.5 46.7 74.4  2.1 40.2 77.5 67.2 34.2 23.8  2.4 12.4 41.9  5.0 23.0  0.0  0.0 73.0 35.4 30.7 17.9 37.9  4.9 47.3 13.0  4.1 10.4 37.0 70.2
 0.0  0.0  0.0  0.0  0.0  0.0  0.0  0.0  0.0  0.0  0.0  0.0  0.0  0.0  0.0  0.0  0.0  0.0  0.0  0.0  0.0  0.0  0.0  0.0  0.0  0.0  0.0  0.0  0.0  0.0  0.0  0.0  0.0  0.0  0.0
 0.0  0.0  0.0  0.0  0.0  0.0  0.0  0.0  0.0  0.0  0.0  0.0  0.0  0.0  0.0  0.0  0.0  0.0  0.0  0.0  0.0  0.0  0.0  0.0  0.0  0.0  0.0  0.0  0.0  0.0  0.0  0.0  0.0  0.0  0.0
 0.0  0.0  0.0  0.8  0.5  0.5  0.0  0.1  0.1  0.0  0.5  0.2  0.0  0.0  0.0  0.1  0.5  0.5  0.2  0.0  0.2  0.0  0.0  3.7  0.5  0.0  0.1  0.0  0.0  0.1  0.0  1.4  0.2  0.6  0.0
 0.0  1.8  0.0  0.0  0.0  1.0  0.0  1.9 42.3 20.4  0.0  0.0  2.8 25.3 55.3  0.0  0.0  0.0  8.3  0.0  0.1  0.0  0.0  0.7  1.4  0.0  0.0 22.0  0.0 19.6  0.0  0.0  0.0  0.0 14.8