179  200  214  238  204  265  250  223  209  202  293  196  195  220  198  219  216  168  195  196  196  214  256  208  245  220  192  235  291  183  208  184  179
168  179  217  205  185  229  255  192  177  178  226  174  180  184  145  199  162  157  145  135  135  183  234  181  160  189  145  223  253  165  175  168  177
102  94  85  75  89  91  98  99  85  99  88  75  65  73  71  71  94  51  62  75  75  61  98  102  83  87  73  76  82  85  87  74  86
96  112  106  112  119  135  109  129  111  90  144  96  119  123  99  136  120  84  87  60  60  121  141  109  115  133  98  114  136  118  103  84  99
273  260  311  341  293  335  320  280  270  292  348  285  289  334  266  312  280  282  274  269  269  280  349  293  270  352  265  349  366  275  289  264  272
67  97  127  96  87  99  80  95  76  98  85  83  86  121  88  119  107  80  75  86  86  87  95  116  101  102  77  112  118  76  79  91  100
174  193  216  214  189  221  201  186  152  178  216  177  192  231  156  218  202  169  171  154  154  196  195  202  196  174  169  190  250  180  199  174  175
71  99  97  98  77  93  94  114  91  81  111  100  86  105  95  118  88  103  58  93  93  101  101  105  86  113  95  109  107  97  62  85  87
159  115  130  151  94  141  140  141  102  147  185  126  115  147  115  169  121  119  126  118  118  148  142  137  160  141  130  119  163  134  117  139  152
114  130  140  167  111  132  132  121  144  138  144  114  121  131  123  147  111  122  122  109  109  149  96  118  119  131  117  123  193  134  103  125  117
70  78  73  108  106  101  112  68  88  114  125  99  86  92  67  79  81  74  86  60  60  87  106  116  94  92  92  104  90  110  106  104  52
30  43  60  73  68  52  58  39  43  26  63  50  57  62  30  38  64  61  39  33  33  24  65  46  55  30  35  20  54  46  42  24  53
205  202  229  235  198  244  222  197  205  208  282  202  180  255  187  221  214  207  185  161  161  193  231  219  229  225  171  260  276  177  184  179  193
116  145  147  166  159  187  202  164  148  151  216  130  148  168  128  158  166  174  142  124  124  155  175  142  156  148  120  169  201  125  137  156  133
103  83  130  131  103  119  163  100  81  124  161  123  109  142  107  110  89  118  99  111  111  108  109  131  79  90  76  95  151  101  145  129  104
183  166  199  191  170  216  205  196  180  189  253  176  165  195  170  230  178  177  159  176  176  192  248  178  170  206  171  208  250  166  167  177  183
200  188  238  249  211  253  265  247  217  198  291  208  238  271  186  264  216  229  189  173  173  213  258  217  213  220  209  214  260  211  220  199  203
178  166  164  203  156  221  175  176  170  176  239  183  175  199  186  205  167  159  156  167  167  169  228  180  207  181  158  194  240  155  181  147  165
79  60  78  112  94  67  101  104  100  71  141  73  70  79  56  110  81  75  104  72  72  84  68  74  91  81  96  86  99  90  104  62  84
83  80  67  80  59  95  108  101  71  80  105  99  91  95  69  115  71  91  76  70  70  73  81  86  74  83  76  67  113  82  82  93  66
140  154  203  225  212  229  235  203  200  177  279  202  173  209  175  238  186  191  202  186  186  199  192  203  192  198  172  223  255  174  194  209  148
112  140  132  141  113  156  143  126  124  106  160  124  131  151  109  155  110  118  117  122  122  129  164  137  133  133  121  137  159  124  114  108  101
82  84  67  100  64  99  129  121  59  82  93  72  81  115  76  93  80  40  81  88  88  66  101  93  99  65  51  103  128  62  76  71  78
360  337  472  443  400  408  451  437  402  382  492  396  380  515  347  462  402  358  352  361  361  401  474  405  409  425  333  409  495  366  389  362  364
164  151  164  191  154  220  186  225  178  167  199  168  189  216  154  200  132  165  154  152  152  167  239  170  174  189  140  199  221  169  188  156  163
160  154  176  177  192  168  207  158  164  190  223  165  152  183  133  172  151  172  150  160  160  163  187  182  200  195  142  204  212  169  163  175  157
150  103  167  139  133  162  125  152  128  121  211  144  135  153  119  186  138  112  126  133  133  118  164  174  129  120  92  147  170  125  134  129  108
60  57  120  89  57  87  115  86  86  110  104  81  75  117  61  99  92  91  89  83  83  93  83  66  65  82  50  104  98  76  90  80  70
141  156  164  191  156  182  155  180  146  149  188  155  159  180  144  188  176  156  148  141  141  142  138  163  157  149  143  176  204  156  147  148  140
175  211  237  239  181  226  233  201  191  195  264  195  179  210  167  252  184  205  197  164  164  204  227  218  215  189  192  225  244  204  178  188  173
146  131  168  181  133  179  176  164  146  150  225  130  154  213  141  160  135  136  157  148  148  149  222  164  193  172  117  154  200  158  155  160  129
210  230  249  297  236  271  279  243  243  262  323  231  217  280  213  264  225  253  193  208  208  256  271  242  273  264  225  246  294  218  257  232  206
117  100  150  139  149  142  160  120  132  117  173  139  146  116  107  169  115  123  120  113  113  95  149  72  140  132  87  128  145  125  118  127  106
134  160  218  193  154  186  220  204  172  191  242  180  156  209  145  224  195  154  166  148  148  192  253  196  187  158  165  196  217  180  203  182  154
115  77  111  122  84  98  84  116  75  78  132  106  83  88  83  67  132  86  56  71  71  87  142  90  86  98  79  84  108  99  59  89  81
154  139  156  194  160  182  175  147  134  159  206  175  153  190  127  159  144  155  120  155  155  166  181  156  149  181  169  168  185  146  132  148  146
206  178  243  244  210  240  245  238  191  219  274  239  198  227  186  245  189  245  216  191  191  219  256  219  218  221  201  218  241  210  218  217  195
93  78  113  143  114  119  139  88  81  120  144  85  120  84  91  109  114  101  83  118  118  118  153  132  127  126  82  133  123  136  108  113  102
420  406  483  476  404  482  503  469  435  447  553  428  429  532  351  532  446  426  382  390  390  435  499  460  441  466  356  498  546  399  429  421  395
100  118  153  144  116  137  173  128  128  134  120  134  120  157  117  177  103  103  109  102  102  123  143  115  112  125  103  144  151  112  106  128  118
219  216  242  267  231  264  271  241  219  223  306  227  211  291  202  293  233  205  203  214  214  251  253  243  247  269  192  238  306  212  240  209  210
237  245  255  272  241  266  294  280  219  245  352  259  233  321  207  273  238  242  206  219  219  266  309  254  251  275  242  284  311  228  237  239  213
174  168  191  164  182  208  198  200  183  174  241  192  144  224  150  192  172  165  174  156  156  183  217  194  166  199  149  188  212  168  182  150  143
233  225  286  309  249  258  324  278  250  247  377  259  268  313  232  315  254  254  234  231  231  263  284  265  270  317  213  269  330  246  278  253  244
137  148  156  164  142  189  175  158  140  138  222  141  134  143  141  182  170  130  137  121  121  138  158  158  160  188  138  143  176  124  147  156  137
229  219  226  261  237  261  251  244  240  234  322  205  227  300  204  262  240  204  215  202  202  251  292  208  251  274  203  225  295  229  243  227  224
113  97  129  116  101  103  109  100  74  94  109  71  102  105  88  104  96  97  74  84  84  88  141  93  91  102  68  89  131  102  83  76  121
51  69  118  75  81  66  104  96  87  96  105  104  95  99  74  94  96  86  79  75  75  117  122  89  92  97  98  127  109  88  73  96  70
166  160  183  193  158  208  212  184  165  170  219  160  163  181  145  216  189  182  170  168  168  193  210  192  198  170  163  181  216  171  157  169  174
66  51  58  30  68  80  61  42  57  54  64  40  59  93  33  83  53  64  79  32  32  42  53  55  60  59  43  79  72  85  69  57  40
210  189  226  250  218  207  240  219  196  187  292  197  221  224  184  262  215  211  183  182  182  192  221  215  203  209  182  221  277  185  204  213  172
89  72  104  88  78  66  84  44  57  54  102  60  54  93  57  63  65  50  65  68  68  48  83  37  61  47  75  79  86  78  71  53  73
197  207  217  259  217  235  246  214  231  221  305  226  209  252  204  274  218  197  196  224  224  216  266  228  222  234  189  257  289  224  213  216  196
109  141  126  142  104  155  140  125  145  133  165  139  121  180  114  153  128  125  120  151  151  143  152  111  115  110  135  126  171  134  124  149  121
82  62  112  103  100  105  122  114  93  85  125  113  105  114  101  130  111  111  107  94  94  99  126  123  108  91  83  130  122  77  100  96  89
203  174  176  189  184  177  191  190  187  175  264  192  199  216  163  237  187  161  188  172  172  182  242  176  179  180  155  207  236  169  166  180  200
94  76  124  131  121  127  106  80  88  66  137  131  94  114  91  124  96  95  80  91  91  94  112  93  116  127  87  124  128  90  100  80  114
391  396  501  497  413  497  493  463  425  424  584  411  447  499  391  526  426  405  400  405  405  456  513  452  459  472  396  487  559  396  409  433  367
197  181  186  237  202  214  218  187  164  175  237  181  189  203  149  251  184  195  185  158  158  201  243  163  181  207  140  169  261  183  163  156  167
115  93  90  114  69  144  134  76  94  113  117  104  115  124  93  135  89  105  114  109  109  102  106  69  83  94  103  102  133  97  80  114  118
360  337  472  443  400  408  451  437  402  382  492  396  380  515  347  462  402  358  352  361  361  401  474  405  409  425  333  409  495  366  389  362  364
