 0.0  2.0  0.0  0.0  0.0  0.0  0.0  0.2 44.1 42.0 16.0  0.0  0.7  0.0  0.0  0.0  7.4 11.9  8.2  0.0  2.8  0.0  0.0  0.1  2.4 40.8  0.0  0.0  0.0 12.0  0.0  0.0  0.0  0.0  0.0
 0.0  0.0  1.9 31.0  0.0  0.0  0.1  0.0  0.0  0.0  3.2  0.0  0.0  0.0  0.0  0.0  5.5 16.2  0.0  0.0 12.2  0.0  0.0  6.7 14.5  0.0  0.0  0.0  0.0  1.7  0.0 41.3  2.0  0.0  0.0
 0.0  0.0  0.0  0.0  0.0  0.0  0.0  0.0  0.0  0.0  0.0  0.0  0.1  0.0  0.0  0.0  0.0  0.0  0.0  0.0  0.1  0.0  0.0  0.2  0.1  0.0  0.0  0.0  0.0  0.1  0.0  0.0  0.0  0.0  0.0
 5.9  4.2 13.3 16.7 20.1  3.1 24.0  0.1  6.7  0.3 11.0  9.4  3.2  0.0  6.0  7.8 12.0  7.0  2.2 12.6  8.5  0.0  0.0  3.0  5.7  0.5  0.4  0.0  5.8  8.9  2.1 12.7  7.5  6.1  0.0
 0.0  0.0  0.0  0.0  0.0  0.0  0.0  0.0  0.0  0.0  0.0  0.0  0.0  0.0  0.0  0.0  0.0  0.0  0.0  0.0  0.0  0.0  0.0  0.0  0.0  0.0  0.0  0.0  0.0  0.0  0.0  0.0  0.0  0.0  0.0
 0.6  1.3  5.1  7.5  7.3  2.3  0.8  0.3  2.5  0.8  9.4  7.9  1.0  0.0  1.0  5.1  6.9  8.5  1.1  2.6 12.7  0.0  0.0  3.2  9.5  0.8  0.1  0.1  2.0  4.2  0.3 21.0 15.2  2.6  3.4
 0.0  0.2  0.0  0.0  0.0  0.3  0.0  0.3  1.3  0.2  0.0  0.0  1.1  0.0  1.2  0.0  0.0  0.3  0.5  0.0  0.0  0.0  0.0  0.4  0.5  0.0  0.0  5.9  0.0  0.1  0.6  0.0  0.0  0.1  7.6
18.7  0.0 72.3 36.7 66.5  8.5 74.2  0.0  0.0  0.0 44.4  0.5  7.0  0.0  0.0 35.5 42.2 21.9  4.0 48.4 29.1  0.0  0.0  6.4 22.4  2.0  0.0  0.0 85.2 14.7 82.9 17.5 44.8 49.1  0.0
74.9 59.9  7.5  7.3  5.9 82.8  0.8 98.8 39.2 53.6 15.7 40.9 86.9  100 36.5 51.5 25.5 33.7 83.7 36.4 34.3  0.0  0.0 75.1 41.0 55.7 61.4 94.0  6.9 46.2 14.0  6.0 30.3 41.5 88.9
 0.0  0.0  0.0  0.0  0.0  0.0  0.0  0.0  0.0  0.0  0.0  0.0  0.0  0.0  0.0  0.0  0.0  0.0  0.0  0.0  0.0  0.0  0.0  0.0  0.0  0.0  0.0  0.0  0.0  0.0  0.0  0.0  0.0  0.0  0.0
 0.0  0.0  0.0  0.0  0.0  0.0  0.0  0.0  0.0  0.0  0.0  0.0  0.0  0.0  0.0  0.0  0.0  0.0  0.0  0.0  0.0  0.0  0.0  0.0  0.0  0.0  0.0  0.0  0.0  0.0  0.0  0.0  0.0  0.0  0.0
 0.0  0.0  0.0  0.8  0.2  0.4  0.0  0.1  0.1  0.0  0.4  0.2  0.0  0.0  0.0  0.1  0.4  0.5  0.2  0.0  0.2  0.0  0.0  3.7  0.5  0.0  0.1  0.0  0.1  0.1  0.0  1.5  0.2  0.5  0.0
 0.0 32.4  0.0  0.0  0.0  2.6  0.0  0.2  6.3  3.2  0.0 41.1  0.0  0.0 55.3  0.0  0.0  0.0  0.1  0.0  0.1  0.0  0.0  1.3  3.5  0.3 38.0  0.0  0.0 12.0  0.0  0.0  0.0  0.0  0.0
