51.838 18.814  0.000  0.000  0.000  6.333  0.000  7.908  0.000  0.000  6.206  0.000  2.660  0.006  0.148 21.091 11.913 17.404 13.321  0.000  4.516  3.054 99.999  0.471  2.927 21.617 27.439  0.035  0.000  0.000  0.000  0.000 14.847  0.325      0
 0.097  2.523 33.396 20.639 10.607  4.247 62.702  0.679  2.898  0.719 19.637  6.350  2.384  0.614  0.548 13.906 15.711 17.424  3.203 15.434 18.526  1.294 99.999  6.126 18.263  1.661  4.169  0.045 22.397  6.798  4.064 28.354 33.556 22.390      0
 0.000  0.580  0.272  0.000  0.000  0.186  0.000  0.291  0.000  0.000  0.476  0.000  0.296  0.000  0.000  0.000  0.658  0.210  0.239  0.217  0.664  0.436 99.999  0.457  0.446  0.000  0.000  0.000  0.000  0.244  0.000  1.075  0.948  0.342      0
 3.474  2.939 16.059 25.074 45.118  4.136 32.367  0.646  9.121  3.417 19.606 14.787  4.718  4.305 13.151 11.607 17.501 10.015  5.549 24.931 13.951  8.931 99.999  4.108  8.860  9.659  0.969 37.853 16.848 15.208  9.739 15.187  9.183 14.000      2
 0.000  0.000  0.000  0.000  0.000  0.000  0.000  0.000  0.000  0.000  0.000  0.000  0.000  0.000  0.000  0.000  0.000  0.000  0.000  0.000  0.000  0.000 99.999  0.000  0.000  0.000  0.000  0.000  0.000  0.000  0.000  0.000  0.000  0.000      0
 0.000  1.305  0.000  0.447  0.943  0.332  0.000  0.325  0.000  0.000  1.770  0.000  0.609  0.000  0.000  0.986  0.670  1.977  0.431  0.000  2.574  0.594 99.999  0.815  2.004  0.000  2.959  0.000  0.000  0.278  0.000  3.167  3.132  0.000      5
 0.000  0.164  0.000  0.000  0.017  0.316  0.000  0.399  1.487  0.457  0.023  0.000  1.273  0.000  1.395  0.016  0.002  0.255  0.574  0.001  0.002  0.986 99.999  0.468  0.555  0.000  0.000  6.008  0.000  0.143  0.777  0.000  0.000  0.097      9
11.853 27.077 33.134 34.824 26.320  3.677  0.000  1.004 33.329 17.059 22.641 25.694  5.339 21.332 42.905 13.170 24.494 17.789  3.044 16.449 13.388  6.492 99.999  5.615 16.252 13.264 27.560  2.445 49.931 21.339 68.978 20.175  3.328 15.719     13
31.879 45.826  9.914  7.645  6.379 77.824  2.766 87.355 47.852 75.407 16.076 43.095 81.472 73.681 40.553 32.753 19.099 25.181 71.711 38.472 32.192 76.481 99.999 74.360 39.311 52.376 34.478 53.112  7.537 50.363 15.660  5.105 21.200 42.757     71
 0.855  0.767  7.213 10.552  9.980  2.477  2.104  0.367  4.391  2.797 12.966  9.839  1.097  0.063  1.282  6.394  9.491  9.225  1.632  4.414 13.735  1.071 99.999  3.758  9.831  1.184  2.341  0.350  3.178  5.346  0.783 21.888 13.606  3.752      1
  .      .      .      .      .      .      .      .      .      .      .      .      .      .      .      .      .      .      .      .      .      .    99.999   .      .      .      .      .      .      .      .      .      .      .         .
 0.000  0.000  0.000  0.000  0.061  0.000  0.000  0.961  0.829  0.141  0.000  0.007  0.106  0.000  0.000  0.000  0.000  0.000  0.067  0.000  0.307  0.559 99.999  0.148  1.173  0.237  0.000  0.080  0.000  0.147  0.000  4.348  0.000  0.000      0
 0.004  0.004  0.012  0.819  0.576  0.473  0.061  0.065  0.093  0.003  0.600  0.227  0.046  0.000  0.019  0.077  0.460  0.519  0.230  0.082  0.145  0.102 99.999  3.675  0.377  0.001  0.085  0.073  0.109  0.133  0.000  0.701  0.202  0.618      0