0.0000 0.000 0.00 0.00 0.00 0.00 
0.0000 0.000 0.00 0.00 0.00 0.00 
0.0000 0.000 0.00 0.00 0.00 0.00 
0.0000 0.000 0.00 0.00 0.00 0.00 
0.0000 0.000 0.00 0.00 0.00 0.00 
0.0000 0.000 1.00 1.00 0.00 18814
0.0000 0.000 0.00 0.00 0.00 0.00 
0.3299 0.000 0.52 0.05 0.00 25   
1.0000 0.000 0.00 0.00 0.00 0.00 
0.0000 0.000 0.00 0.00 0.00 0.00 
0.0000 0.000 1.00 0.54 0.00 0.00 
1.0000 0.000 1.00 0.00 0.00 0.00 
0.8299 0.000 1.00 0.16 0.00 10249
0.0000 0.000 0.00 0.00 0.00 0.00 
0.0000 0.000 0.00 0.00 0.00 0.00 
0.0000 0.000 0.96 0.96 0.00 508  
0.5000 0.000 1.00 1.00 0.00 0.00 
0.0000 0.000 0.91 0.49 0.17 145  
0.0000 0.000 0.45 0.45 0.00 3531 
1.0000 0.000 1.00 0.00 0.00 0.00 
0.01   0.000 0.71 0.00 0.14 376  
0.0000 0.000 0.00 0.00 0.00 0.00 
0.0000 0.000 0.00 0.00 0.00 0.00 
0.03   0.000 0.56 0.38 0.00 0.00 
0.01   0.000 0.81 0.04 0.36 2017 
0.0000 0.000 0.00 0.00 0.00 0.00 
0.0000 0.000 0.00 0.00 0.00 0.00 
1.0000 0.000 1.00 0.00 0.00 0.00 
0.0000 0.000 0.00 0.00 0.00 0.00 
0.1599 1.000 0.61 0.18 0.19 3963 
0.0000 0.000 0.00 0.00 0.00 0.00 
0.06   0.000 1.00 0.16 0.55 5    
0.0000 0.000 0.00 0.00 0.00 0.00 
0.0000 0.000 0.00 0.00 0.00 0.00 
0.0000 0.000 0.00 0.00 0.00 0.00