 0.000  2.030  0.000  0.000  0.000  0.000  0.000  0.196 43.434 41.865 15.867  0.000  0.745  0.000  0.000  0.000  7.353 11.875  8.190  0.000  2.807 23.265 99.999  0.052  2.384 40.731  0.000  0.000  0.000 11.932  0.000  0.000  0.000  0.000      0
 0.000  0.000  1.960 30.120  0.000  0.000  0.098  0.000  0.000  0.000  3.155  0.000  0.004  0.000  0.000  0.000  5.483 15.656  0.007  0.000 11.788  0.139 99.999  7.163 14.187  0.002  0.000  0.000  0.000  1.674  0.000 40.255  2.188  0.000      0
 0.000  0.000  0.005  0.000  0.000  0.000  0.000  0.046  0.000  0.000  0.000  0.000  0.118  0.000  0.000  0.000  0.000  0.032  0.000  0.000  0.172  0.261 99.999  0.218  0.100  0.000  0.000  0.000  0.000  0.107  0.000  0.034  0.000  0.000      0
 5.949  4.358 13.347 16.639 20.032  3.148 23.970  0.066  6.733  0.361 10.931  9.272  3.130  0.000  6.241  7.862 12.017  6.972  2.154 12.721  8.477  0.881 99.999  3.003  5.723  0.504  0.537  0.000  5.822  8.890  2.134 12.827  7.538  6.241      0
 0.000  0.000  0.000  0.000  0.000  0.000  0.000  0.000  0.000  0.000  0.000  0.000  0.000  0.000  0.000  0.000  0.000  0.000  0.000  0.000  0.000  0.000 99.999  0.000  0.000  0.000  0.000  0.000  0.000  0.000  0.000  0.000  0.000  0.000      0
 1.086  1.421  6.076  9.874  9.286  2.617  1.395  0.411  3.305  0.968 10.921  9.032  1.212  0.063  1.275  6.472  8.043  9.747  1.210  3.853 14.091  0.908 99.999  3.765 10.482  0.962  0.230  0.158  3.013  4.815  0.716 22.338 16.254  3.513      4
 0.000  0.164  0.000  0.000  0.017  0.318  0.000  0.402  1.431  0.267  0.027  0.000  1.285  0.000  1.373  0.030  0.005  0.255  0.577  0.001  0.036  1.015 99.999  0.476  0.573  0.000  0.000  6.013  0.000  0.135  0.780  0.000  0.000  0.097      9
18.483 32.361 71.019 35.349 64.617 10.790 73.407  0.190  6.156  3.135 42.951 40.650  6.908  0.000 54.539 34.352 41.202 21.323  4.129 47.391 28.114  3.115 99.999  6.886 25.203  2.332 37.917  0.000 84.261 26.203 81.814 16.943 43.823 48.118      0
74.478 59.662  7.582  7.231  5.815 82.656  1.081 98.622 38.852 53.404 15.689 40.818 86.553 99.937 36.553 51.200 25.480 33.571 83.545 35.968 34.318 70.295 99.999 74.746 40.862 55.469 61.230 93.757  6.796 46.151 14.556  6.106 29.994 41.412     88
 0.000  0.000  0.000  0.000  0.000  0.000  0.000  0.000  0.000  0.000  0.000  0.000  0.000  0.000  0.000  0.000  0.000  0.000  0.000  0.000  0.000  0.000 99.999  0.000  0.000  0.000  0.000  0.000  0.000  0.000  0.000  0.000  0.000  0.000      0
 0.000  0.000  0.000  0.000  0.000  0.000  0.000  0.000  0.000  0.000  0.000  0.000  0.000  0.000  0.000  0.000  0.000  0.000  0.000  0.000  0.000  0.000 99.999  0.000  0.000  0.000  0.000  0.000  0.000  0.000  0.000  0.000  0.000  0.000      0
 0.000  0.000  0.000  0.000  0.000  0.000  0.000  0.000  0.000  0.000  0.000  0.000  0.000  0.000  0.000  0.000  0.000  0.000  0.000  0.000  0.000  0.000 99.999  0.000  0.000  0.000  0.000  0.000  0.000  0.000  0.000  0.000  0.000  0.000      0
 0.004  0.004  0.010  0.786  0.233  0.472  0.049  0.067  0.087  0.000  0.459  0.227  0.045  0.000  0.019  0.083  0.417  0.570  0.188  0.066  0.197  0.120 99.999  3.691  0.485  0.000  0.085  0.073  0.109  0.093  0.000  1.496  0.202  0.619      0
