52.5 18.9  0.0  0.0  0.0  6.5  0.0  8.1  0.0  0.0  6.4  0.0  2.7  0.0  0.2 21.5 12.3 17.7 13.6  0.0  4.6  0.0  0.0  0.5  3.0 22.1 27.9  0.0  0.0  0.0  0.0  0.0 15.6  0.3  0.0
 2.1  3.3 18.8 24.4 21.2  4.8 20.8  0.7  4.9  2.2 22.9  9.1  3.4  2.6 10.0 14.2 17.8 16.1  4.2 17.6 16.8  0.0  0.0  5.7 16.5  5.2  4.2  6.8 20.9  9.7  8.7 27.1 36.3 22.9  0.5
 0.0  0.4  0.3  0.0  0.0  0.2  0.0  0.2  0.0  0.0  0.6  0.0  0.3  0.0  0.0  0.0  0.8  0.2  0.3  0.3  0.7  0.0  0.0  0.4  0.5  0.0  0.0  0.0  0.0  0.3  0.0  1.3  1.0  0.2  0.0
 1.8  2.0 21.9 31.5 34.8  3.2 40.2  0.4  6.7  2.1 19.2 11.2  3.2  2.4  6.4  8.7 18.7 11.0  3.9 18.0 12.2  0.0  0.0  4.2  8.7  6.6  0.3 33.3 12.1 12.3  5.0 19.1  6.3  9.5  1.1
 0.0  0.0  0.0  0.0  0.0  0.0  0.0  0.0  0.0  0.0  0.0  0.0  0.0  0.0  0.0  0.0  0.0  0.0  0.0  0.0  0.0  0.0  0.0  0.0  0.0  0.0  0.0  0.0  0.0  0.0  0.0  0.0  0.0  0.0  0.0
 0.0  1.6  0.0  0.6  0.9  0.4  0.0  0.3  0.0  0.0  2.2  0.0  0.6  0.0  0.0  1.1  0.8  1.3  0.5  0.0  2.1  0.0  0.0  0.8  1.7  0.0  3.8  0.0  0.0  0.3  0.0  3.7  3.9  0.0  5.2
 0.0  0.2  0.0  0.0  0.0  0.3  0.0  0.3  1.3  0.4  0.0  0.0  1.1  0.0  1.2  0.0  0.0  0.3  0.5  0.0  0.0  0.0  0.0  0.4  0.5  0.0  0.0  6.0  0.0  0.1  0.6  0.0  0.0  0.1  8.0
11.5 27.2 42.8 27.2 28.0  4.2 35.0  0.8  0.0  0.0 21.4 27.4  3.4 20.8  0.0 17.3 22.2 19.6  3.6 21.6 18.2  0.0  0.0  6.0 18.7 12.6 30.2  0.0 57.6 14.1 70.0 19.6  5.0 20.2  0.0
31.6 46.2  9.9  7.6  6.4 77.8  2.4 87.4 48.3 75.9 15.9 43.3 81.9 74.2 41.3 32.4 18.9 24.8 71.7 39.2 32.2  0.0  0.0 74.8 39.4 52.3 32.9 52.7  7.1 50.5 15.2  4.9 20.8 43.1 71.4
 0.6  0.2  6.3  7.9  8.2  2.1  1.6  0.3  3.6  2.3 10.9  8.7  0.8  0.0  1.0  4.8  8.2  8.5  1.4  3.3 12.6  0.0  0.0  3.1  8.7  1.0  0.7  0.2  2.1  4.7  0.5 19.2 10.9  3.0  0.3
 0.0  0.0  0.0  0.0  0.1  0.0  0.0  0.9  0.7  0.1  0.0  0.0  0.1  0.0  0.0  0.0  0.0  0.0  0.0  0.0  0.3  0.0  0.0  0.1  1.2  0.2  0.0  0.1  0.0  0.1  0.0  4.4  0.0  0.0  0.0
 0.0  0.0  0.0  0.8  0.5  0.5  0.0  0.1  0.1  0.0  0.5  0.2  0.0  0.0  0.0  0.1  0.5  0.5  0.2  0.0  0.1  0.0  0.0  3.7  0.3  0.0  0.1  0.0  0.1  0.1  0.0  0.6  0.2  0.5  0.0
 0.0  0.0  0.0  0.0  0.0  0.0  0.0  0.3 34.5 17.1  0.0  0.0  2.4  0.0 39.8  0.0  0.0  0.0  0.1  0.0  0.1  0.0  0.0  0.3  0.8  0.0  0.0  1.0  0.0  7.8  0.0  0.0  0.0  0.0 13.5
