394937
850991
540511
554357
445952
656361
590762
337047
465177
211527
853239
345207
667724
800291
704454
660696
602116
694037
678970
569724
600404
924901
465753
417210
560189
464560
1097257
406784
356207
485985
518275
779443
492410
413744
552963
1314045
465557
367349
507532
508999
488609
435309
316619
181625
160633
121990
473754
191725
264445
424804
212789
276080
630912
287189
485176
516123
618521
325803
402603
282392
603348
647877
731809
804331
545633
346428
355810
1442687
322940
384908
344150
357817
359975
1080470
981921
92222
649098
689404
449418
396712
534847
382054
652422
415967
387832
495167
623454
1141991
230872
803689
460171
548113
654442
426835
521691
564311
377233
401404
475335
1206452
595996
576476
619351
619351
619351