2000 0.0277072685
2001 0.0277072685
2002 0.0277072685
2003 0.0277072685
2004 0.0277072685
2005 0.0277072685
2006 0.0277072685
2007 0.0269602730
2008 0.0263244231
2009 0.0255791423
2010 0.0248868712
2011 0.0242825544
2012 0.0237718409
2013 0.0231564198
2014 0.0226323359
2014 0.0221314495
2016 0.0217115750
2017 0.0211921391
2018 0.0207523523
2019 0.0203304477
2020 0.0194504622
2021 0.0190272305
2022 0.0186719549
2023 0.0183297035
2024 0.0180490874
2024 0.0168318629
2026 0.0165532410
2027 0.0162836931
2028 0.0160666811
2029 0.0157694208
2030 0.0157694208
2031 0.0157694208
2032 0.0157694208
2033 0.0157694208
2034 0.0157694208
2035 0.0157694208
2036 0.0157694208
2037 0.0157694208
2038 0.0157694208
2039 0.0157694208
2040 0.0157694208
2041 0.0157694208
2042 0.0157694208
2043 0.0157694208
2044 0.0157694208
2045 0.0157694208
2029 0.0157694208
2030 0.0157694208
2031 0.0157694208
2032 0.0157694208
2033 0.0157694208
2034 0.0157694208
2035 0.0157694208
2036 0.0157694208
2037 0.0157694208
2038 0.0157694208
2039 0.0157694208
2040 0.0157694208
2041 0.0157694208
2042 0.0157694208
2043 0.0157694208
2044 0.0157694208
2045 0.0157694208
2046 0.0157694208
2047 0.0157694208
2048 0.0157694208
2049 0.0157694208
2050 0.0157694208
2051 0.0157694208
2052 0.0157694208
2053 0.0157694208
2054 1.0157694208
2055 0.0157694208
2056 0.0157694208
2057 0.0157694208
2058 0.0157694208
2059 0.0157694208
2060 0.0157694208
2061 0.0157694208
2062 0.0157694208
2063 0.0157694208
2064 0.0157694208
2065 0.0157694208
2066 0.0157694208
2067 0.0157694208
2068 0.0157694208
2069 0.0157694208
2070 0.0157694208
2071 0.0157694208
2072 0.0157694208
2073 0.0157694208
2074 0.0157694208
2075 0.0157694208
2076 0.0157694208
2077 0.0157694208
2078 0.0157694208
2079 0.0157694208
2080 0.0157694208
2081 0.0157694208
2082 0.0157694208
2083 0.0157694208
2084 0.0157694208
2085 0.0157694208
2086 0.0157694208
2087 0.0157694208
2088 0.0157694208
2089 0.0157694208
2090 0.0157694208
2091 0.0157694208
2092 0.0157694208
2093 0.0157694208
2094 0.0157694208
2095 0.0157694208
2096 0.0157694208
2097 0.0157694208
2098 0.0157694208
2099 0.0157694208
2100 0.0157694208