51.842 18.814  0.000  0.000  0.000  5.980  0.000  9.472 82.406 35.935 27.039 56.670  2.663 26.319 77.827 21.090 18.499 16.700 13.304  0.000  3.139 22.490 99.999  6.789  7.946 51.927 27.412 36.807  0.911 26.627 83.523  0.000 12.331  0.325      0
 0.097  1.356  3.560  7.543  5.403  3.172  0.122  0.025  0.000  0.000 23.420  0.000  2.053  0.000  0.000  8.523 15.571 12.332  6.781  5.564 19.649  1.043 99.999  3.028 14.649  0.890  3.232  0.000  6.002  4.643  0.000 32.702 42.000 17.612      0
 0.000  0.733  0.512  0.000  0.000  0.290  0.000  0.310  0.000  0.000  0.820  0.000  0.317  0.000  0.000  0.000  1.060  0.343  0.282  0.250  1.017  0.454 99.999  0.483  0.654  0.000  0.000  0.000  0.000  0.359  0.000  1.939  1.442  0.432      0
 1.394  3.096 10.474 22.432 21.782  3.858 21.693  0.169  0.000  0.000  9.801  0.000  2.694  0.000  0.000 11.887 11.160  9.624  4.129 18.606  9.439  1.106 99.999  3.160  7.381  1.947  4.803  0.000 13.746  4.144  0.022 12.356 13.199 16.339      0
 0.000  0.000  0.000  0.000  0.000  0.000  0.000  0.000  0.000  0.000  0.000  0.000  0.000  0.000  0.000  0.000  0.000  0.000  0.000  0.000  0.000  0.000 99.999  0.000  0.000  0.000  0.000  0.000  0.000  0.000  0.000  0.000  0.000  0.000      0
 0.101  1.305  0.000  0.447  0.944  0.332  0.000  0.325  0.000  0.000  1.770  0.000  0.609  0.000  0.000  0.986  0.670  2.008  0.431  0.000  2.811  0.594 99.999  0.815  2.113  0.000  2.956  0.000  0.000  0.932  0.000  3.167  3.132  0.000      5
 0.000  0.164  0.000  0.000  0.017  0.316  0.000  0.399  1.039  0.333  0.023  0.000  1.273  0.000  1.395  0.016  0.002  0.255  0.574  0.001  0.002  0.986 99.999  0.468  0.555  0.000  0.000  6.008  0.000  0.133  0.777  0.000  0.000  0.097      9
13.829 28.291 58.615 28.781 37.771  4.399 69.716  0.365  0.000  0.000 12.232  0.000  4.567  0.000  0.000 13.800 23.636 17.702  4.538 29.609 11.324  0.362 99.999  4.698 14.948  4.313 31.457  0.000 62.015  9.968  0.018 13.772  5.596 23.531      0
29.631 42.975  7.180  5.707  3.422 75.514  2.157 87.429 16.550 63.732  5.213 43.095 82.715 73.681 20.758 25.504  9.521 20.564 67.361 31.913 25.443 71.101 99.999 70.779 34.244 38.502 29.376 57.033  4.637 44.808 15.627  1.687  7.294 29.877     85
 3.101  3.261 19.648 34.271 30.023  5.666  6.251  0.481  0.000  0.000 19.082  0.000  2.958  0.000  0.000 18.117 19.420 19.959  2.304 13.976 26.723  1.202 99.999  5.957 15.960  2.183  0.679  0.000 12.580  8.151  0.033 29.327 14.804 11.169      2
  .      .      .      .      .      .      .      .      .      .      .      .      .      .      .      .      .      .      .      .      .      .    99.999   .      .      .      .      .      .      .      .      .      .      .         .
 0.000  0.000  0.000  0.000  0.061  0.000  0.000  0.961  0.006  0.000  0.000  0.007  0.106  0.000  0.000  0.000  0.000  0.000  0.067  0.000  0.307  0.559 99.999  0.148  1.173  0.237  0.000  0.080  0.000  0.105  0.000  4.348  0.000  0.000      0
 0.004  0.004  0.012  0.819  0.577  0.473  0.061  0.065  0.000  0.000  0.600  0.227  0.046  0.000  0.019  0.077  0.460  0.514  0.230  0.082  0.145  0.102 99.999  3.675  0.377  0.001  0.085  0.073  0.109  0.130  0.000  0.701  0.202  0.618      0
